{"name":"outOfBoundTrigger","class":"BeamNGTrigger","persistentId":"cc107bde-ba15-4bee-adf0-6ededbcd5a92","__parent":"SimGroup_","position":[-76.2122955,284.40387,357.016693],"luaFunction":"onSumoTrigger","scale":[400,400,50],"triggerMode":"Overlaps","triggerTestType":"Bounding box"}
{"name":"SimGroup_","class":"SimGroup","groupPosition":"0 0 0"}
{"class":"TSStatic","__parent":"SimGroup_","position":[-114.651451,243.02243,395.132141],"allowPlayerStep":"1","isRenderEnabled":false,"mode":"Ignore","rotationMatrix":[0.82972014,0.558179677,0,-0.558179677,0.82972014,0,0,0,1],"shapeName":"/art/ind_platform_10x5.dae"}
{"class":"TSStatic","persistentId":"2b196cb2-11b7-4c7b-a45e-dc7790a4101b","__parent":"SimGroup_","position":[-109.551109,270.164551,395.5755],"allowPlayerStep":"1","isRenderEnabled":false,"mode":"Ignore","rotationMatrix":[-0.558179438,0.82972008,0,-0.82972008,-0.558179438,0,0,0,0.999999881],"shapeName":"/art/ind_platform_10x5.dae"}
{"class":"TSStatic","__parent":"SimGroup_","position":[-100.522141,221.952667,400.394501],"allowPlayerStep":"1","isRenderEnabled":false,"mode":"Ignore","rotationMatrix":[0.82972014,0.558179677,0,-0.558179677,0.82972014,0,0,0,1],"shapeName":"/art/ind_platform_10x5.dae"}
{"class":"TSStatic","persistentId":"0796a2c9-d2cd-40cd-ac2e-6dd8e648a93c","__parent":"SimGroup_","position":[-91.2674408,260.76709,392.133118],"allowPlayerStep":"1","isRenderEnabled":false,"mode":"Ignore","rotationMatrix":[-0.569609761,0.821915329,0,-0.821915329,-0.569609761,0,0,0,1],"scale":[1,1,0.586000025],"shapeName":"/art/ind_jumpramp_large.dae"}
{"class":"TSStatic","__parent":"SimGroup_","position":[-92.3366852,227.495911,400.612885],"allowPlayerStep":"1","isRenderEnabled":false,"mode":"Ignore","rotationMatrix":[0.829105258,0.55776602,0.0384905823,-0.558179677,0.82972014,-3.7252903e-09,-0.0319364108,-0.0214846581,0.999258935],"scale":[0.99936235,1,1],"shapeName":"/art/ind_platform_10x5.dae"}
{"class":"TSStatic","persistentId":"2b2dcdc4-d9f1-47c0-8af8-8b4bfe1b2b34","__parent":"SimGroup_","position":[-126.116386,294.719788,395.560699],"allowPlayerStep":"1","isRenderEnabled":false,"mode":"Ignore","rotationMatrix":[0.824690223,0.565584719,0,-0.565584719,0.824690223,0,0,0,1],"shapeName":"/art/ind_platform_10x10.dae"}
{"class":"TSStatic","persistentId":"d7e1a27f-96b5-4cd5-a766-d387e53f98ef","__parent":"SimGroup_","position":[-120.505707,286.448425,395.568878],"allowPlayerStep":"1","isRenderEnabled":false,"mode":"Ignore","rotationMatrix":[-0.558179438,0.82972008,0,-0.82972008,-0.558179438,0,0,0,0.999999881],"shapeName":"/art/ind_platform_10x5.dae"}
{"class":"TSStatic","persistentId":"2eec5198-d34c-4dd2-958f-0de8b53d29c8","__parent":"SimGroup_","position":[-114.579369,227.334091,396.95578],"allowPlayerStep":"1","isRenderEnabled":false,"mode":"Ignore","rotationMatrix":[-0.827025414,-0.562164307,0,0.562164307,-0.827025414,0,0,0,1],"scale":[1,1,0.585634708],"shapeName":"/art/ind_jumpramp_large.dae"}
{"class":"TSStatic","persistentId":"8d1efe71-72ad-4d80-9fa1-a7387b999d56","__parent":"SimGroup_","position":[-88.665329,242.146332,397.32309],"allowPlayerStep":"1","isRenderEnabled":false,"mode":"Ignore","rotationMatrix":[-0.827025414,-0.562164307,0,0.562164307,-0.827025414,0,0,0,1],"scale":[1,1,0.586000025],"shapeName":"/art/ind_jumpramp_large.dae"}
{"class":"TSStatic","persistentId":"1e132e0b-6408-41be-8807-23dd184b2c06","__parent":"SimGroup_","position":[-75.0324554,237.41153,397.347107],"allowPlayerStep":"1","isRenderEnabled":false,"mode":"Ignore","rotationMatrix":[-0.569609761,0.821915329,0,-0.821915329,-0.569609761,0,0,0,1],"scale":[1,1,0.586000025],"shapeName":"/art/ind_jumpramp_large.dae"}
{"class":"TSStatic","persistentId":"da82dffb-0bf1-4385-a14f-e0310c6ea1c0","__parent":"SimGroup_","position":[-89.5570526,258.369659,392.133118],"allowPlayerStep":"1","isRenderEnabled":false,"mode":"Ignore","rotationMatrix":[-0.569609761,0.821915329,0,-0.821915329,-0.569609761,0,0,0,1],"scale":[1,1,0.586000025],"shapeName":"/art/ind_jumpramp_large.dae"}
{"class":"TSStatic","persistentId":"4149740d-3ebf-43f4-a19e-059f967fefec","__parent":"SimGroup_","position":[-149.857483,276.539886,398.400787],"allowPlayerStep":"1","isRenderEnabled":false,"mode":"Ignore","rotationMatrix":[0.824690223,0.565584719,0,-0.565584719,0.824690223,0,0,0,1],"shapeName":"/art/ind_platform_10x10.dae"}
{"class":"TSStatic","persistentId":"9afafb2f-8867-42db-a311-26db5d889fd6","__parent":"SimGroup_","position":[-118.360382,300.416809,393.232117],"allowPlayerStep":"1","isRenderEnabled":false,"mode":"Ignore","rotationMatrix":[-0.839525223,-0.540800929,0.0522613823,0.54154098,-0.840674043,-9.31322575e-10,0.0439347997,0.0283016823,0.998633444],"shapeName":"/art/ind_platform_10x5_tilt.dae"}
{"class":"TSStatic","persistentId":"f76a421c-6268-43af-afe5-6bb939ce0188","__parent":"SimGroup_","position":[-142.805145,269.254517,394.920135],"allowPlayerStep":"1","isRenderEnabled":false,"mode":"Ignore","rotationMatrix":[0.827021837,0.562169731,0,-0.562169731,0.827021837,0,0,0,0.999999881],"scale":[1,1,0.586000025],"shapeName":"/art/ind_jumpramp_large.dae"}
{"class":"TSStatic","persistentId":"f809776e-d626-4f07-9b38-008bf2f0f41a","__parent":"SimGroup_","position":[-98.534256,253.921936,395.57019],"allowPlayerStep":"1","isRenderEnabled":false,"mode":"Ignore","rotationMatrix":[0.824690223,0.565584719,0,-0.565584719,0.824690223,0,0,0,1],"shapeName":"/art/ind_platform_10x10.dae"}
{"class":"TSStatic","persistentId":"fc159f9d-3886-4312-a23c-47fed77b91aa","__parent":"SimGroup_","position":[-115.034508,278.31546,395.569458],"allowPlayerStep":"1","isRenderEnabled":false,"mode":"Ignore","rotationMatrix":[-0.558179438,0.82972008,0,-0.82972008,-0.558179438,0,0,0,0.999999881],"shapeName":"/art/ind_platform_10x5.dae"}
{"class":"TSStatic","persistentId":"a1caa4bf-3125-43fc-a882-4ac12503f98c","__parent":"SimGroup_","position":[-134.281342,289.100769,395.566986],"allowPlayerStep":"1","isRenderEnabled":false,"mode":"Ignore","rotationMatrix":[-0.824718952,-0.565542817,0,0.565542817,-0.824718952,0,0,0,1],"shapeName":"/art/ind_platform_10x5_tilt.dae"}
{"class":"TSStatic","persistentId":"441a4d93-651c-4441-9aaf-78d71b712caa","__parent":"SimGroup_","position":[-70.2562408,254.73764,392.124084],"allowPlayerStep":"1","isRenderEnabled":false,"mode":"Ignore","rotationMatrix":[-0.827025414,-0.562164307,0,0.562164307,-0.827025414,0,0,0,1],"scale":[1,1,0.586000025],"shapeName":"/art/ind_jumpramp_large.dae"}
{"class":"TSStatic","persistentId":"4301ef2d-bdc5-48ab-aa60-32e1b5a30fc7","__parent":"SimGroup_","position":[-128.674164,263.211945,393.152985],"allowPlayerStep":"1","isRenderEnabled":false,"mode":"Ignore","rotationMatrix":[0.82972014,0.558179677,0,-0.558179677,0.82972014,0,0,0,1],"shapeName":"/art/ind_platform_10x5.dae"}
{"class":"TSStatic","persistentId":"ee42015e-769d-46c1-a89d-60c40cf5d9a4","__parent":"SimGroup_","position":[-131.944183,245.931976,393.172974],"allowPlayerStep":"1","isRenderEnabled":false,"mode":"Ignore","rotationMatrix":[0.565542817,-0.824718893,0,0.824718893,0.565542817,0,0,0,1],"shapeName":"/art/ind_platform_10x5_tilt.dae"}
{"class":"TSStatic","persistentId":"4fb1598c-fdbf-4019-98c7-7946f8317178","__parent":"SimGroup_","position":[-113.82357,303.339355,391.974213],"allowPlayerStep":"1","isRenderEnabled":false,"mode":"Ignore","rotationMatrix":[-0.840674162,-0.54154098,0,0.54154098,-0.840674162,0,0,0,1],"shapeName":"/art/ind_platform_10x5_tilt.dae"}
{"class":"TSStatic","persistentId":"a50221aa-5540-43ff-97eb-c6028ebb6882","__parent":"SimGroup_","position":[-110.00753,218.275955,400.390961],"allowPlayerStep":"1","isRenderEnabled":false,"mode":"Ignore","rotationMatrix":[0.824690223,0.565584719,0,-0.565584719,0.824690223,0,0,0,1],"shapeName":"/art/ind_platform_10x10.dae"}
{"class":"TSStatic","persistentId":"580a8df1-ab6c-40d4-8b73-f45a9a09cc31","__parent":"SimGroup_","position":[-83.1188812,276.269928,388.345062],"allowPlayerStep":"1","isRenderEnabled":false,"mode":"Ignore","rotationMatrix":[0.565542817,-0.824718893,0,0.824718893,0.565542817,0,0,0,1],"shapeName":"/art/ind_platform_10x5_tilt.dae"}
{"class":"TSStatic","persistentId":"d9205f4c-8779-41a0-a2c4-6e718bf9fd82","__parent":"SimGroup_","position":[-91.0781097,240.457672,397.32309],"allowPlayerStep":"1","isRenderEnabled":false,"mode":"Ignore","rotationMatrix":[-0.827025414,-0.562164307,0,0.562164307,-0.827025414,0,0,0,1],"scale":[1,1,0.586000025],"shapeName":"/art/ind_jumpramp_large.dae"}
{"class":"TSStatic","persistentId":"5ab73ea1-3d83-49bf-b8e9-eeab4ea985ec","__parent":"SimGroup_","position":[-142.502533,283.459137,397.975464],"allowPlayerStep":"1","isRenderEnabled":false,"mode":"Ignore","rotationMatrix":[0.827085972,0.556407392,-0.079621464,-0.558179557,0.829720199,-3.7252903e-09,0.0660635382,0.0444430783,0.996825159],"scale":[1.04999995,1,1],"shapeName":"/art/ind_platform_10x5.dae"}
{"class":"TSStatic","persistentId":"a5f969e4-d59e-4f81-8c93-a646c6eb6267","__parent":"SimGroup_","position":[-104.866577,280.974121,388.259094],"allowPlayerStep":"1","isRenderEnabled":false,"mode":"Ignore","rotationMatrix":[-0.535236955,0.844701886,0,-0.844701886,-0.535236955,0,0,0,1],"shapeName":"/art/ind_jumpramp_long.dae"}
{"class":"TSStatic","persistentId":"5b99dc42-f31b-48df-8ba6-aee4839f2fe8","__parent":"SimGroup_","position":[-145.217957,267.565887,394.920135],"allowPlayerStep":"1","isRenderEnabled":false,"mode":"Ignore","rotationMatrix":[0.827021837,0.562169731,0,-0.562169731,0.827021837,0,0,0,0.999999881],"scale":[1,1,0.586000025],"shapeName":"/art/ind_jumpramp_large.dae"}
{"class":"TSStatic","persistentId":"61889118-b237-4468-ab1f-08c08129b209","__parent":"SimGroup_","position":[-135.484161,255.58194,393.152985],"allowPlayerStep":"1","isRenderEnabled":false,"mode":"Ignore","rotationMatrix":[0.824690223,0.565584719,0,-0.565584719,0.824690223,0,0,0,1],"shapeName":"/art/ind_platform_10x10.dae"}
{"class":"TSStatic","__parent":"SimGroup_","position":[-106.604401,248.472565,395.344116],"allowPlayerStep":"1","isRenderEnabled":false,"mode":"Ignore","rotationMatrix":[0.829105258,0.55776602,0.0384905823,-0.558179677,0.82972014,-3.7252903e-09,-0.0319364108,-0.0214846581,0.999258935],"scale":[0.956163287,1,1],"shapeName":"/art/ind_platform_10x5.dae"}
{"class":"TSStatic","persistentId":"6b10bcbd-4057-4fba-be98-0781528a4f98","__parent":"SimGroup_","position":[-67.8434601,256.42627,392.124084],"allowPlayerStep":"1","isRenderEnabled":false,"mode":"Ignore","rotationMatrix":[-0.827025414,-0.562164307,0,0.562164307,-0.827025414,0,0,0,1],"scale":[1,1,0.586000025],"shapeName":"/art/ind_jumpramp_large.dae"}
{"class":"TSStatic","persistentId":"709d37be-1838-4e16-bb0d-7bb66aebd5ce","__parent":"SimGroup_","position":[-91.1579437,287.988831,386.757629],"allowPlayerStep":"1","isRenderEnabled":false,"mode":"Ignore","rotationMatrix":[0.824690223,0.565584719,0,-0.565584719,0.824690223,0,0,0,1],"shapeName":"/art/ind_platform_10x10.dae"}
{"class":"TSStatic","persistentId":"766806db-dab9-4fbc-82b5-14c362d3abe8","__parent":"SimGroup_","position":[-76.7428284,239.808929,397.347107],"allowPlayerStep":"1","isRenderEnabled":false,"mode":"Ignore","rotationMatrix":[-0.569609761,0.821915329,0,-0.821915329,-0.569609761,0,0,0,1],"scale":[1,1,0.586000025],"shapeName":"/art/ind_jumpramp_large.dae"}
{"class":"TSStatic","persistentId":"7741940c-fc27-42fd-a9f0-1f1cd27725e2","__parent":"SimGroup_","position":[-63.2716522,247.368103,395.579987],"allowPlayerStep":"1","isRenderEnabled":false,"mode":"Ignore","rotationMatrix":[0.824690223,0.565584719,0,-0.565584719,0.824690223,0,0,0,1],"shapeName":"/art/ind_platform_10x10.dae"}
{"class":"TSStatic","persistentId":"d6b285ff-d682-4e9a-ad91-69eaf0619142","__parent":"SimGroup_","position":[-101.227829,299.737488,388.522705],"allowPlayerStep":"1","isRenderEnabled":false,"mode":"Ignore","rotationMatrix":[0.827021837,0.562169731,0,-0.562169731,0.827021837,0,0,0,0.999999881],"scale":[1,1,0.586000025],"shapeName":"/art/ind_jumpramp_large.dae"}
{"class":"TSStatic","persistentId":"78800174-3388-4782-8bd2-498a18a0e7d0","__parent":"SimGroup_","position":[-88.5757294,284.2276,386.349213],"allowPlayerStep":"1","isRenderEnabled":false,"mode":"Ignore","rotationMatrix":[0.565542817,-0.824718893,0,0.824718893,0.565542817,0,0,0,1],"shapeName":"/art/ind_platform_10x5_tilt.dae"}
{"class":"TSStatic","persistentId":"0e620475-d6b6-4b27-877d-e5679ab8f2da","__parent":"SimGroup_","position":[-104.068451,262.01474,395.572571],"allowPlayerStep":"1","isRenderEnabled":false,"mode":"Ignore","rotationMatrix":[-0.558179438,0.82972008,0,-0.82972008,-0.558179438,0,0,0,0.999999881],"shapeName":"/art/ind_platform_10x5.dae"}
{"class":"TSStatic","persistentId":"b63a6f96-6d1a-4b3f-a256-1cfc9f35c026","__parent":"SimGroup_","position":[-77.6661072,268.233582,390.345184],"allowPlayerStep":"1","isRenderEnabled":false,"mode":"Ignore","rotationMatrix":[0.824690223,0.565584719,0,-0.565584719,0.824690223,0,0,0,1],"shapeName":"/art/ind_platform_10x10.dae"}
{"class":"TSStatic","persistentId":"11462328-46b0-4315-bbaf-20b5b09b6a45","__parent":"SimGroup_","position":[-120.404205,268.811951,393.152985],"allowPlayerStep":"1","isRenderEnabled":false,"mode":"Ignore","rotationMatrix":[0.82972014,0.558179677,0,-0.558179677,0.82972014,0,0,0,1],"shapeName":"/art/ind_platform_10x5.dae"}
{"class":"TSStatic","persistentId":"7f326f3d-4d75-4889-9278-bde201ef2c4c","__parent":"SimGroup_","position":[-84.0935516,233.088165,400.785278],"allowPlayerStep":"1","isRenderEnabled":false,"mode":"Ignore","rotationMatrix":[0.824690223,0.565584719,0,-0.565584719,0.824690223,0,0,0,1],"shapeName":"/art/ind_platform_10x10.dae"}
{"class":"TSStatic","persistentId":"143f475a-f36b-474d-a2f8-a24744dd9073","__parent":"SimGroup_","position":[-124.324226,239.281921,395.172974],"allowPlayerStep":"1","isRenderEnabled":false,"mode":"Ignore","rotationMatrix":[0.824718893,0.565542936,0,-0.565542936,0.824718893,0,0,0,1],"shapeName":"/art/ind_platform_10x10.dae"}
{"class":"TSStatic","persistentId":"bbf8b456-63b6-4da1-94da-d261dbf6f268","__parent":"SimGroup_","position":[-116.992142,225.645462,396.95578],"allowPlayerStep":"1","isRenderEnabled":false,"mode":"Ignore","rotationMatrix":[-0.827025414,-0.562164307,0,0.562164307,-0.827025414,0,0,0,1],"scale":[1,1,0.585634708],"shapeName":"/art/ind_jumpramp_large.dae"}
{"class":"TSStatic","persistentId":"07cb892c-cebf-4e7f-9ae6-268f9cce105e","__parent":"SimGroup_","position":[-112.353783,274.260681,391.180145],"allowPlayerStep":"1","isRenderEnabled":false,"mode":"Ignore","rotationMatrix":[-0.824718952,-0.565542817,0,0.565542817,-0.824718952,0,0,0,1],"shapeName":"/art/ind_platform_10x5_tilt.dae"}
{"class":"TSStatic","persistentId":"86d26ca1-3933-43ab-9aa2-0f51f571b8c9","__parent":"SimGroup_","position":[-98.8150177,301.426086,388.522705],"allowPlayerStep":"1","isRenderEnabled":false,"mode":"Ignore","rotationMatrix":[0.827021837,0.562169731,0,-0.562169731,0.827021837,0,0,0,0.999999881],"scale":[1,1,0.586000025],"shapeName":"/art/ind_jumpramp_large.dae"}
{"class":"TSStatic","persistentId":"2342713b-a370-4cd0-bb85-554ba8297663","__parent":"SimGroup_","position":[-103.245384,278.415558,388.259094],"allowPlayerStep":"1","isRenderEnabled":false,"mode":"Ignore","rotationMatrix":[-0.535236955,0.844701886,0,-0.844701886,-0.535236955,0,0,0,1],"shapeName":"/art/ind_jumpramp_long.dae"}
{"class":"TSStatic","persistentId":"271192da-f042-41c6-9f37-0a9fc7ee440e","__parent":"SimGroup_","position":[-105.665688,308.813293,391.969971],"allowPlayerStep":"1","isRenderEnabled":false,"mode":"Ignore","rotationMatrix":[0.824690223,0.565584719,0,-0.565584719,0.824690223,0,0,0,1],"shapeName":"/art/ind_platform_10x10.dae"}
