{"name":"gravityTrigger","class":"BeamNGTrigger","persistentId":"32b7cf25-7a07-4137-978e-5dfced512b68","__parent":"SimGroup_","position":[-104.809563,224.371872,416.987793],"luaFunction":"onReverseGravityTrigger","scale":[214.642136,214.642136,27.6476593],"tickPeriod":500,"ticking":true,"triggerMode":"Overlaps"}
{"name":"outOfBoundTrigger","class":"BeamNGTrigger","persistentId":"cc107bde-ba15-4bee-adf0-6ededbcd5a92","__parent":"SimGroup_","position":[-108.539452,235.07579,368.068],"luaFunction":"onSumoTrigger","scale":[800,800,20],"triggerMode":"Overlaps","triggerTestType":"Bounding box"}
{"name":"outOfBoundTrigger1","class":"BeamNGTrigger","persistentId":"b74349f5-ad1a-48ba-b8d4-6e495cfcb709","__parent":"SimGroup_","position":[-108.539452,235.07579,458.247925],"luaFunction":"onSumoTrigger","scale":[800,800,50],"triggerMode":"Overlaps","triggerTestType":"Bounding box"}
{"name":"SimGroup_","class":"SimGroup","groupPosition":"0 0 0"}
{"name":"target16","class":"TSStatic","persistentId":"3e8bb07d-251e-4bc9-9b5e-6ff4a8b93619","__parent":"SimGroup_","position":[-56.4171829,179.630081,381.73941],"collisionType":"Visible Mesh Final","decalType":"Visible Mesh Final","isRenderEnabled":false,"mode":"Ignore","rotationMatrix":[-0.00957965851,-0.999954045,-8.73114914e-11,0.999953806,-0.00957965851,-0.000690534129,0.000690502464,-6.61521335e-06,0.999999762],"scale":[5,5,2],"shapeName":"/art/target.dae"}
{"name":"target3","class":"TSStatic","persistentId":"f7b58cf6-4dbd-40d4-8087-b959b62fa581","__parent":"SimGroup_","position":[-56.1277237,276.591125,424.476349],"collisionType":"Visible Mesh Final","decalType":"Visible Mesh Final","isRenderEnabled":false,"mode":"Ignore","rotationMatrix":[0.999877214,0.0156699661,4.73170836e-08,0.0156699661,-0.999876976,6.61676677e-06,1.50995788e-07,-6.61521244e-06,-0.999999762],"scale":[5,5,2],"shapeName":"/art/target.dae"}
{"name":"target5","class":"TSStatic","persistentId":"385ebaf6-40b2-430d-934a-3d0d9de1180e","__parent":"SimGroup_","position":[-152.284363,275.006165,424.476349],"collisionType":"Visible Mesh Final","decalType":"Visible Mesh Final","isRenderEnabled":false,"mode":"Ignore","rotationMatrix":[-0.000968575478,0.999999464,-6.61535614e-06,0.999999464,0.000968694687,1.44588739e-07,1.50996357e-07,-6.6152129e-06,-0.999999881],"scale":[5,5,2],"shapeName":"/art/target.dae"}
{"class":"TSStatic","persistentId":"bd6c7b75-7bbd-4e47-bdcf-cc381a556545","__parent":"SimGroup_","position":[-56.592598,228.117569,424.54657],"allowPlayerStep":"1","isRenderEnabled":false,"mode":"Ignore","rotationMatrix":[-0.99999994,0,-8.74227766e-08,0,0.99999994,0,8.74227695e-08,0,-0.999999881],"scale":[2.66013193,5,1],"shapeName":"/art/ind_platform_10x10.dae"}
{"class":"TSStatic","persistentId":"a3ef6902-9602-4929-942a-6db86f16324a","__parent":"SimGroup_","position":[-151.869171,315.605713,420.071442],"allowPlayerStep":"1","isRenderEnabled":false,"mode":"Ignore","rotationMatrix":[0.999999821,0.000622989668,1.54483132e-07,-1.62865035e-07,1.32322311e-05,1.00000012,0.000622989668,-0.999999881,1.32322311e-05],"scale":[10,1.59947896,4],"shapeName":"/art/ind_jumpramp_large.dae"}
{"class":"TSStatic","persistentId":"fc469880-5efa-4d90-97a6-8e15c4a90a8e","__parent":"SimGroup_","position":[-15.3344803,180.327072,386.478149],"allowPlayerStep":"1","isRenderEnabled":false,"mode":"Ignore","rotationMatrix":[7.64274186e-15,0.999999881,-8.74227695e-08,8.74227695e-08,-8.74227695e-08,-0.999999881,-0.999999881,0,-8.74227695e-08],"scale":[10,1.59947896,4],"shapeName":"/art/ind_jumpramp_large.dae"}
{"class":"TSStatic","persistentId":"90a15a4e-7f1b-4973-b355-b2b5186e8d8a","__parent":"SimGroup_","position":[-103.624886,178.9897,424.546906],"allowPlayerStep":"1","isRenderEnabled":false,"mode":"Ignore","rotationMatrix":[-0.0071284771,0.999974549,-6.55254826e-06,0.999974549,0.00712865591,6.71904763e-06,6.76558739e-06,-6.50448419e-06,-0.999999762],"scale":[2.66013193,5,1],"shapeName":"/art/ind_platform_10x10.dae"}
{"class":"TSStatic","persistentId":"8c7597a9-41a2-46ed-bf74-ad37bdf6134a","__parent":"SimGroup_","position":[-15.5263748,276.772766,420.071716],"allowPlayerStep":"1","isRenderEnabled":false,"mode":"Ignore","rotationMatrix":[0.0153240561,-0.999882281,6.02006912e-06,6.02006912e-06,6.43730164e-06,0.999999762,-0.999882281,-0.0153237879,6.43730164e-06],"scale":[10,1.59947896,4],"shapeName":"/art/ind_jumpramp_large.dae"}
{"class":"TSStatic","persistentId":"4a85ec81-d8c6-4d19-9c83-782a9d3791a7","__parent":"SimGroup_","position":[-56.2017288,139.071915,386.478149],"allowPlayerStep":"1","isRenderEnabled":false,"mode":"Ignore","rotationMatrix":[0.999999821,0.000345381093,2.38418551e-07,2.38418551e-07,5.21510959e-11,-0.99999994,-0.000345381064,0.999999881,-3.01941736e-11],"scale":[10,1.59947896,4],"shapeName":"/art/ind_jumpramp_large.dae"}
{"class":"TSStatic","persistentId":"8aaed743-96c2-4ef8-873d-8f5d3de9c74d","__parent":"SimGroup_","position":[-56.7711258,317.659363,420.091064],"allowPlayerStep":"1","isRenderEnabled":false,"mode":"Ignore","rotationMatrix":[0.999877214,0.0156697147,-6.62170351e-06,6.5183267e-06,6.7949295e-06,0.999999821,0.0156697147,-0.999877036,6.67572021e-06],"scale":[10,1.59947896,4],"shapeName":"/art/ind_jumpramp_large.dae"}
{"name":"target7","class":"TSStatic","persistentId":"f44c6bdf-eb11-4762-a29f-8f74a16a8678","__parent":"SimGroup_","position":[-152.109863,178.447128,424.47699],"collisionType":"Visible Mesh Final","decalType":"Visible Mesh Final","isRenderEnabled":false,"mode":"Ignore","rotationMatrix":[-0.999974489,-0.00712892972,-1.03833244e-07,-0.00712892972,0.999974608,-6.61612194e-06,1.50996485e-07,-6.61521335e-06,-0.999999881],"scale":[5,5,2],"shapeName":"/art/target.dae"}
{"class":"TSStatic","persistentId":"73f45e55-4581-497c-83c8-5b51bce21685","__parent":"SimGroup_","position":[-104.606361,275.63446,424.546234],"allowPlayerStep":"1","isRenderEnabled":false,"mode":"Ignore","rotationMatrix":[0.0156697035,-0.999877155,6.68034045e-06,-0.999877155,-0.0156695843,6.56789325e-06,-6.46240824e-06,-6.78243669e-06,-0.999999881],"scale":[2.66013193,5,1],"shapeName":"/art/ind_platform_10x10.dae"}
{"class":"TSStatic","persistentId":"68a5fb66-4011-444d-8145-8d18a22cfc4c","__parent":"SimGroup_","position":[-15.57798,277.420349,386.477234],"allowPlayerStep":"1","isRenderEnabled":false,"mode":"Ignore","rotationMatrix":[-0.016014576,0.999871492,-6.31809235e-06,-6.67572021e-06,-6.19888306e-06,-0.999999762,-0.999871492,-0.0160148144,7.03334808e-06],"scale":[10,1.59947896,4],"shapeName":"/art/ind_jumpramp_large.dae"}
{"class":"TSStatic","persistentId":"fc056b8c-ed7f-41c1-95e8-660e79c2a6a5","__parent":"SimGroup_","position":[-151.119751,137.391647,386.478424],"allowPlayerStep":"1","isRenderEnabled":false,"mode":"Ignore","rotationMatrix":[0.999974608,0.00712900516,6.24428503e-06,6.28945418e-06,-6.19888306e-06,-0.99999994,-0.00712900516,0.999974549,-6.31809235e-06],"scale":[10,1.59947896,4],"shapeName":"/art/ind_jumpramp_large.dae"}
{"class":"TSStatic","persistentId":"4b8cf6fc-73ab-4dfa-9a57-99ceb00cfb3b","__parent":"SimGroup_","position":[-192.665161,177.963791,386.477875],"allowPlayerStep":"1","isRenderEnabled":false,"mode":"Ignore","rotationMatrix":[0.00747412443,-0.999971867,6.88433647e-06,7.00354576e-06,-6.67572021e-06,-0.999999762,0.999971867,0.00747391582,7.15255737e-06],"scale":[10,1.59947896,4],"shapeName":"/art/ind_jumpramp_large.dae"}
{"class":"TSStatic","persistentId":"3e2db9e2-1132-46a8-8fe8-1da1d3cec44b","__parent":"SimGroup_","position":[-193.357849,274.966614,420.091339],"allowPlayerStep":"1","isRenderEnabled":false,"mode":"Ignore","rotationMatrix":[-0.000968456268,0.999999642,-1.32620335e-05,-3.87430191e-07,1.31726265e-05,1.00000012,0.999999642,0.000968366861,2.98023224e-07],"scale":[10,1.59947896,4],"shapeName":"/art/ind_jumpramp_large.dae"}
{"class":"TSStatic","persistentId":"3984a3ed-f95e-4482-9074-a6ff41a4126e","__parent":"SimGroup_","position":[-193.344879,274.268738,386.477509],"allowPlayerStep":"1","isRenderEnabled":false,"mode":"Ignore","rotationMatrix":[0.000968515873,-0.999999404,1.31428242e-05,2.68220901e-07,-1.29938126e-05,-0.999999881,0.999999404,0.000968366861,4.17232513e-07],"scale":[10,1.59947896,4],"shapeName":"/art/ind_jumpramp_large.dae"}
{"name":"target1","class":"TSStatic","persistentId":"0156a759-923d-4e06-afa1-08d9f8ac9b0e","__parent":"SimGroup_","position":[-56.3956985,179.629959,424.47699],"collisionType":"Visible Mesh Final","decalType":"Visible Mesh Final","isRenderEnabled":false,"mode":"Ignore","rotationMatrix":[8.74217747e-08,-0.99999994,6.6152129e-06,-0.99999994,-8.74227766e-08,-1.50995206e-07,1.50995803e-07,-6.61521335e-06,-1],"scale":[5,5,2],"shapeName":"/art/target.dae"}
{"name":"target4","class":"TSStatic","persistentId":"38eb1d80-80ea-4f7a-a57c-ceedb57b3b6a","__parent":"SimGroup_","position":[-152.262848,275.005432,381.73877],"collisionType":"Visible Mesh Final","decalType":"Visible Mesh Final","isRenderEnabled":false,"mode":"Ignore","rotationMatrix":[0.00861126184,0.999962807,-1.32273126e-05,-0.999962568,0.00861126184,-0.000690956367,-0.000690816902,1.91767758e-05,0.999999762],"scale":[5,5,2],"shapeName":"/art/target.dae"}
{"class":"TSStatic","persistentId":"37f07463-50b6-419f-8e8b-17a905378415","__parent":"SimGroup_","position":[-192.711304,178.612167,420.072357],"allowPlayerStep":"1","isRenderEnabled":false,"mode":"Ignore","rotationMatrix":[-0.0067833662,0.999977112,-6.76512718e-06,-6.88433647e-06,6.67572021e-06,1.00000012,0.999977112,0.0067832768,6.7949295e-06],"scale":[10,1.59947896,4],"shapeName":"/art/ind_jumpramp_large.dae"}
{"class":"TSStatic","persistentId":"3402fa17-4ab5-4325-b097-42eb51acd56f","__parent":"SimGroup_","position":[-152.040497,226.518692,424.54657],"allowPlayerStep":"1","isRenderEnabled":false,"mode":"Ignore","rotationMatrix":[0.999999523,0.000968284032,2.08164323e-07,0.000968284032,-0.999999523,1.32305686e-05,2.20975181e-07,-1.32303612e-05,-1],"scale":[2.66013193,5,1],"shapeName":"/art/ind_platform_10x10.dae"}
{"class":"TSStatic","persistentId":"2408a567-f871-40e9-824b-a99d7abcd222","__parent":"SimGroup_","position":[-152.517609,315.563354,386.476959],"allowPlayerStep":"1","isRenderEnabled":false,"mode":"Ignore","rotationMatrix":[-0.999999523,-0.00131352968,1.50932465e-07,-1.33237336e-07,-1.37090683e-05,-1.00000024,0.00131352968,-0.999999404,1.32918358e-05],"scale":[10,1.59947896,4],"shapeName":"/art/ind_jumpramp_large.dae"}
{"name":"target6","class":"TSStatic","persistentId":"1cd38cdd-ae05-4fbd-93d5-490410482c15","__parent":"SimGroup_","position":[-152.109619,178.468338,381.73941],"collisionType":"Visible Mesh Final","decalType":"Visible Mesh Final","isRenderEnabled":false,"mode":"Ignore","rotationMatrix":[-0.999996901,0.002451187,-6.78072092e-06,-0.00245118188,-0.999996662,-0.000684133498,-8.45763861e-06,-0.000684114872,0.999999762],"scale":[5,5,2],"shapeName":"/art/target.dae"}
{"class":"TSStatic","persistentId":"186dca93-5d96-4a02-842b-d5583075412a","__parent":"SimGroup_","position":[-56.8501968,139.030655,420.072632],"allowPlayerStep":"1","isRenderEnabled":false,"mode":"Ignore","rotationMatrix":[-0.999999821,0.000345381093,-1.50995788e-07,-1.50995774e-07,5.21510959e-11,0.99999994,0.000345381064,0.999999881,0],"scale":[10,1.59947896,4],"shapeName":"/art/ind_jumpramp_large.dae"}
{"class":"TSStatic","persistentId":"14d92caf-54d8-49fd-8739-95f1257873f4","__parent":"SimGroup_","position":[-57.468483,317.635925,386.477234],"allowPlayerStep":"1","isRenderEnabled":false,"mode":"Ignore","rotationMatrix":[-0.999876857,-0.0156697128,6.50808215e-06,-6.40191138e-06,-6.55651093e-06,-0.999999821,0.0156697128,-0.999877036,6.85453415e-06],"scale":[10,1.59947896,4],"shapeName":"/art/ind_jumpramp_large.dae"}
{"class":"TSStatic","persistentId":"10c9c0ce-679f-42e2-9616-a0e237ead23d","__parent":"SimGroup_","position":[-15.3222427,179.629684,420.09198],"allowPlayerStep":"1","isRenderEnabled":false,"mode":"Ignore","rotationMatrix":[7.64274186e-15,-0.999999881,-8.74227695e-08,-8.74227695e-08,-8.74227695e-08,0.999999881,-0.999999881,0,-8.74227695e-08],"scale":[10,1.59947896,4],"shapeName":"/art/ind_jumpramp_large.dae"}
{"class":"TSStatic","persistentId":"f7030180-171d-4792-bc03-da9d1f766f93","__parent":"SimGroup_","position":[-151.817322,137.374619,420.092255],"allowPlayerStep":"1","isRenderEnabled":false,"mode":"Ignore","rotationMatrix":[-0.999974489,-0.00712858792,-6.72065653e-06,-6.76698983e-06,6.49690628e-06,0.99999994,-0.00712858792,0.999974549,-6.43730164e-06],"scale":[10,1.59947896,4],"shapeName":"/art/ind_jumpramp_large.dae"}
{"class":"TSStatic","persistentId":"f29efcfb-3830-4d42-9abf-37ed92dde96d","__parent":"SimGroup_","position":[-152.04068,226.670609,381.669556],"allowPlayerStep":"1","isRenderEnabled":false,"mode":"Ignore","rotationMatrix":[-0.999999523,-0.000968115462,-2.95588336e-07,0.000968115462,-0.999999523,1.32305695e-05,-3.0839692e-07,1.32302766e-05,1],"scale":[2.66013193,5,1],"shapeName":"/art/ind_platform_10x10.dae"}
{"class":"TSStatic","persistentId":"d324cb57-d231-4a2a-a0da-a717a828dc5a","__parent":"SimGroup_","position":[-104.45417,275.636536,381.66922],"allowPlayerStep":"1","isRenderEnabled":false,"mode":"Ignore","rotationMatrix":[-0.0156695843,0.999877155,-6.7677629e-06,-0.999877155,-0.0156695843,6.56789371e-06,6.46103854e-06,6.86984868e-06,1],"scale":[2.66013193,5,1],"shapeName":"/art/ind_platform_10x10.dae"}
{"class":"TSStatic","persistentId":"ceeec69d-03a6-4e11-bd52-16a60b0966c3","__parent":"SimGroup_","position":[-103.777077,178.988266,381.669891],"allowPlayerStep":"1","isRenderEnabled":false,"mode":"Ignore","rotationMatrix":[0.00712865591,-0.999974549,6.46512535e-06,0.999974549,0.00712865591,6.71904809e-06,-6.76496484e-06,6.41706401e-06,1],"scale":[2.66013193,5,1],"shapeName":"/art/ind_platform_10x10.dae"}
{"class":"TSStatic","persistentId":"c21d68b4-737f-4ea9-9b16-82abd11a7fa9","__parent":"SimGroup_","position":[-56.592598,227.965042,381.669556],"allowPlayerStep":"1","isRenderEnabled":false,"mode":"Ignore","rotationMatrix":[0.99999994,0,0,0,0.99999994,0,0,0,0.999999881],"scale":[2.66013193,5,1],"shapeName":"/art/ind_platform_10x10.dae"}
{"name":"target2","class":"TSStatic","persistentId":"bfad5847-fa5e-487f-bfca-ff51f3f77b57","__parent":"SimGroup_","position":[-56.1278152,276.569275,381.73877],"collisionType":"Visible Mesh Final","decalType":"Visible Mesh Final","isRenderEnabled":false,"mode":"Ignore","rotationMatrix":[0.999981463,0.00609064056,-6.50293077e-06,-0.00609064335,0.999981225,-0.000697364449,2.25541226e-06,0.000697391108,0.999999762],"scale":[5,5,2],"shapeName":"/art/target.dae"}
