{"name":"outOfBoundTrigger","class":"BeamNGTrigger","persistentId":"ce3b4c61-10be-49ad-ad63-742c212ee74e","__parent":"SimGroup_","position":[-654.087585,521.075562,269.108459],"luaFunction":"onSumoTrigger","rotationMatrix":[0.752568603,-0.658513784,0,0.658513784,0.752568603,0,0,0,1],"scale":[400,400,50],"triggerMode":"Overlaps","triggerTestType":"Bounding box"}
{"name":"SimGroup_","class":"SimGroup","persistentId":"562df8cd-b1aa-46c2-9d8d-192bf2598e41","groupPosition":"0 0 0"}
{"class":"TSStatic","persistentId":"0087daff-905a-448b-8c0d-332f9fbc3238","__parent":"SimGroup_","position":[-665.926331,504.831146,295.934998],"isRenderEnabled":false,"rotationMatrix":[0.705501795,-0.708708048,0,0.708708048,0.705501795,0,0,0,1],"shapeName":"/levels/west_coast_usa/art/shapes/objects/s_containers_40_beamng.dae","useInstanceRenderData":true}
{"class":"TSStatic","persistentId":"04aec93e-5554-49a1-a5f8-c2452035e261","__parent":"SimGroup_","position":[-721.573547,508.622101,302.292847],"isRenderEnabled":false,"rotationMatrix":[-0.0386637449,-0.998950183,-0.0245558061,0.996465981,-0.0367105007,-0.0755467415,0.0745659918,-0.0273899753,0.996839881],"shapeName":"/levels/west_coast_usa/art/shapes/objects/s_containers_40_beamng.dae","useInstanceRenderData":true}
{"class":"TSStatic","persistentId":"05cdfa7a-1707-4188-92bb-4a94fc24c5ee","__parent":"SimGroup_","position":[-645.625549,598.270447,299.377533],"isRenderEnabled":false,"rotationMatrix":[-0.991963863,0.117327258,0.0473514833,-0.117487252,-0.993074298,-0.000600402011,0.0469530933,-0.00615877286,0.998878121],"shapeName":"/levels/west_coast_usa/art/shapes/objects/s_containers_40_beamng.dae","useInstanceRenderData":true}
{"class":"TSStatic","persistentId":"05fed4a4-6bba-41e0-a9fb-9dd7c6e4d48a","__parent":"SimGroup_","position":[-595.116272,565.870361,299.593536],"isRenderEnabled":false,"rotationMatrix":[-0.672264814,0.740277886,-0.00698063057,-0.740246296,-0.672300816,-0.00686556706,-0.00977551099,0.000551906414,0.999952078],"shapeName":"/levels/west_coast_usa/art/shapes/objects/s_containers_40_beamng.dae","useInstanceRenderData":true}
{"class":"TSStatic","persistentId":"077244cc-e140-4fa2-a36f-917c6cb657d7","__parent":"SimGroup_","position":[-675.048279,500.813629,296.157074],"isRenderEnabled":false,"rotationMatrix":[0.689564824,-0.724209666,0.0045324415,0.722122431,0.687074065,-0.0804256648,0.0551309325,0.05873169,0.996750295],"shapeName":"/levels/west_coast_usa/art/shapes/objects/s_containers_40_beamng.dae","useInstanceRenderData":true}
{"class":"TSStatic","persistentId":"07dbf5b2-fdfe-4dbc-8033-fa4936ec51c0","__parent":"SimGroup_","position":[-648.411804,574.523682,298.805695],"isRenderEnabled":false,"rotationMatrix":[-0.991963863,0.117326647,0.0473514646,-0.121623576,-0.987388015,-0.101354174,0.0348627195,-0.106298737,0.993722856],"shapeName":"/levels/west_coast_usa/art/shapes/objects/s_containers_40_beamng.dae","useInstanceRenderData":true}
{"class":"TSStatic","persistentId":"08019c4c-0723-4be5-8c8a-1cd7fe96aea3","__parent":"SimGroup_","position":[-574.439636,506.888397,303.631348],"isRenderEnabled":false,"rotationMatrix":[0.0605739951,0.998107314,-0.0106146112,-0.995198131,0.059571445,-0.0776653662,-0.0768860355,0.0152681414,0.99692297],"shapeName":"/levels/west_coast_usa/art/shapes/objects/s_containers_40_beamng.dae","useInstanceRenderData":true}
{"class":"TSStatic","persistentId":"08482be8-83c2-4eec-831f-fba2134b66f0","__parent":"SimGroup_","position":[-698.043884,519.976624,299.116913],"isRenderEnabled":false,"rotationMatrix":[-0.038664341,-0.998950243,-0.0245557353,0.983862162,-0.0337610245,-0.175712705,0.174699247,-0.0309533179,0.984135151],"shapeName":"/levels/west_coast_usa/art/shapes/objects/s_containers_40_beamng.dae","useInstanceRenderData":true}
{"class":"TSStatic","persistentId":"08577e60-228a-4944-9852-e08ff124736b","__parent":"SimGroup_","position":[-648.94696,449.87326,299.018158],"isRenderEnabled":false,"rotationMatrix":[0.994167447,-0.0962503925,0.0486516245,0.0957041755,0.995319068,0.0134401144,-0.0497175045,-0.00870555919,0.998725355],"shapeName":"/levels/west_coast_usa/art/shapes/objects/s_containers_40_beamng.dae","useInstanceRenderData":true}
{"class":"TSStatic","persistentId":"0861921d-f44e-46e4-8459-c67006295c79","__parent":"SimGroup_","position":[-633.343628,500.574707,297.072662],"isRenderEnabled":false,"rotationMatrix":[0.701962352,0.712213993,0,-0.699510217,0.689441442,-0.188031599,-0.133918762,0.131991103,0.982162952],"shapeName":"/levels/west_coast_usa/art/shapes/objects/s_containers_40_beamng.dae","useInstanceRenderData":true}
{"class":"TSStatic","persistentId":"094e6a95-44a3-48ed-a1e5-ab1643c2cd81","__parent":"SimGroup_","position":[-654.376343,493.22876,295.934998],"isRenderEnabled":false,"rotationMatrix":[0.705501795,-0.708708048,0,0.708708048,0.705501795,0,0,0,1],"shapeName":"/levels/west_coast_usa/art/shapes/objects/s_containers_40_beamng.dae","useInstanceRenderData":true}
{"class":"TSStatic","persistentId":"0a4b553e-777d-4fec-9a1b-6af486e79588","__parent":"SimGroup_","position":[-695.448364,471.306152,298.805115],"isRenderEnabled":false,"rotationMatrix":[0.688337803,-0.725230694,-0.015207435,0.72535491,0.688359618,0.00458715856,0.00714143272,-0.0141883064,0.999873817],"shapeName":"/levels/west_coast_usa/art/shapes/objects/s_containers_40_beamng.dae","useInstanceRenderData":true}
{"class":"TSStatic","persistentId":"0b414c03-e2b7-4dcb-8ee3-7fa8037b560b","__parent":"SimGroup_","position":[-662.541077,518.411255,295.934998],"isRenderEnabled":false,"rotationMatrix":[0.705501795,-0.708708048,0,0.708708048,0.705501795,0,0,0,1],"shapeName":"/levels/west_coast_usa/art/shapes/objects/s_containers_40_beamng.dae","useInstanceRenderData":true}
{"class":"TSStatic","persistentId":"0cac4401-99ac-4dae-8a26-acef931b78d0","__parent":"SimGroup_","position":[-605.22522,479.801178,303.590363],"isRenderEnabled":false,"rotationMatrix":[0.701962411,0.712213933,1.11758709e-08,-0.70843178,0.698234737,-0.102920108,-0.0733011514,0.0722460374,0.994689643],"shapeName":"/levels/west_coast_usa/art/shapes/objects/s_containers_40_beamng.dae","useInstanceRenderData":true}
{"class":"TSStatic","persistentId":"0f1f689c-82fd-4dbc-8847-07c0f3e73063","__parent":"SimGroup_","position":[-597.754272,515.519409,301.143555],"isRenderEnabled":false,"rotationMatrix":[0.0605732799,0.998107433,-0.0106146708,-0.98236692,0.05772686,-0.177828833,-0.176879495,0.0211991966,0.9840042],"shapeName":"/levels/west_coast_usa/art/shapes/objects/s_containers_40_beamng.dae","useInstanceRenderData":true}
{"class":"TSStatic","persistentId":"10a2f5fb-39cb-444f-b3de-021b6ea704b2","__parent":"SimGroup_","position":[-635.995483,508.139832,295.934998],"isRenderEnabled":false,"rotationMatrix":[0.705501795,-0.708708048,0,0.708708048,0.705501795,0,0,0,1],"shapeName":"/levels/west_coast_usa/art/shapes/objects/s_containers_40_beamng.dae","useInstanceRenderData":true}
{"class":"TSStatic","persistentId":"10ff7737-06d2-458c-ac07-9451e77485c7","__parent":"SimGroup_","position":[-636.735168,497.133606,297.072662],"isRenderEnabled":false,"rotationMatrix":[0.701962352,0.712213993,0,-0.699510217,0.689441442,-0.188031599,-0.133918762,0.131991103,0.982162952],"shapeName":"/levels/west_coast_usa/art/shapes/objects/s_containers_40_beamng.dae","useInstanceRenderData":true}
{"class":"TSStatic","persistentId":"14405e16-47df-4cd9-bb11-05e9dc6a95fc","__parent":"SimGroup_","position":[-643.213623,597.985168,299.26236],"isRenderEnabled":false,"rotationMatrix":[-0.991963863,0.117327258,0.0473514833,-0.117487252,-0.993074298,-0.000600402011,0.0469530933,-0.00615877286,0.998878121],"shapeName":"/levels/west_coast_usa/art/shapes/objects/s_containers_40_beamng.dae","useInstanceRenderData":true}
{"class":"TSStatic","persistentId":"14e919a9-49bf-421d-90ea-76f6cbd5fd0f","__parent":"SimGroup_","position":[-640.828674,529.815308,295.934998],"isRenderEnabled":false,"rotationMatrix":[0.705501795,-0.708708048,0,0.708708048,0.705501795,0,0,0,1],"shapeName":"/levels/west_coast_usa/art/shapes/objects/s_containers_40_beamng.dae","useInstanceRenderData":true}
{"class":"TSStatic","persistentId":"181c518c-72b6-4e0b-b1e1-8809479df16f","__parent":"SimGroup_","position":[-720.849243,528.005798,302.771271],"isRenderEnabled":false,"rotationMatrix":[-0.0386637449,-0.998950183,-0.0245558061,0.996465981,-0.0367105007,-0.0755467415,0.0745659918,-0.0273899753,0.996839881],"shapeName":"/levels/west_coast_usa/art/shapes/objects/s_containers_40_beamng.dae","useInstanceRenderData":true}
{"class":"TSStatic","persistentId":"19571a87-ea0e-4e10-ba33-adccee61718c","__parent":"SimGroup_","position":[-651.333252,450.104309,298.901428],"isRenderEnabled":false,"rotationMatrix":[0.994167447,-0.0962503925,0.0486516245,0.0957041755,0.995319068,0.0134401144,-0.0497175045,-0.00870555919,0.998725355],"shapeName":"/levels/west_coast_usa/art/shapes/objects/s_containers_40_beamng.dae","useInstanceRenderData":true}
{"class":"TSStatic","persistentId":"1b1f5dfe-c680-4d3c-a130-30c76bb9f930","__parent":"SimGroup_","position":[-574.146973,511.710815,303.580017],"isRenderEnabled":false,"rotationMatrix":[0.0605739951,0.998107314,-0.0106146112,-0.995198131,0.059571445,-0.0776653662,-0.0768860355,0.0152681414,0.99692297],"shapeName":"/levels/west_coast_usa/art/shapes/objects/s_containers_40_beamng.dae","useInstanceRenderData":true}
{"class":"TSStatic","persistentId":"1ce8d67f-b269-4f09-97ef-af76b3b3c097","__parent":"SimGroup_","position":[-608.554626,459.20932,304.840637],"isRenderEnabled":false,"rotationMatrix":[0.701962411,0.712213933,1.11758709e-08,-0.70843178,0.698234737,-0.102920108,-0.0733011514,0.0722460374,0.994689643],"shapeName":"/levels/west_coast_usa/art/shapes/objects/s_containers_40_beamng.dae","useInstanceRenderData":true}
{"class":"TSStatic","persistentId":"1ddeaa10-d4db-4b65-ba98-3c7a4833a049","__parent":"SimGroup_","position":[-697.723999,561.560974,304.200531],"isRenderEnabled":false,"rotationMatrix":[-0.68618834,-0.727326453,-0.0118895844,0.723828018,-0.681082368,-0.110450998,0.072236158,-0.0843962282,0.993810475],"shapeName":"/levels/west_coast_usa/art/shapes/objects/s_containers_40_beamng.dae","useInstanceRenderData":true}
{"class":"TSStatic","persistentId":"1f7aa1dc-75e3-46cf-bb57-99a41d574aec","__parent":"SimGroup_","position":[-634.121033,523.077271,295.934998],"isRenderEnabled":false,"rotationMatrix":[0.705501795,-0.708708048,0,0.708708048,0.705501795,0,0,0,1],"shapeName":"/levels/west_coast_usa/art/shapes/objects/s_containers_40_beamng.dae","useInstanceRenderData":true}
{"class":"TSStatic","persistentId":"21c65e80-c093-4619-877a-471466e18584","__parent":"SimGroup_","position":[-603.540466,481.510651,303.590332],"isRenderEnabled":false,"rotationMatrix":[0.701962411,0.712213933,1.11758709e-08,-0.70843178,0.698234737,-0.102920108,-0.0733011514,0.0722460374,0.994689643],"shapeName":"/levels/west_coast_usa/art/shapes/objects/s_containers_40_beamng.dae","useInstanceRenderData":true}
{"class":"TSStatic","persistentId":"237ebc46-048e-4682-a8ab-fde96c7a666a","__parent":"SimGroup_","position":[-701.537903,575.074646,305.625366],"isRenderEnabled":false,"rotationMatrix":[-0.68618834,-0.727326453,-0.0118895844,0.723828018,-0.681082368,-0.110450998,0.072236158,-0.0843962282,0.993810475],"shapeName":"/levels/west_coast_usa/art/shapes/objects/s_containers_40_beamng.dae","useInstanceRenderData":true}
{"class":"TSStatic","persistentId":"259f0369-99ff-4c80-8677-368bf8aa1d9b","__parent":"SimGroup_","position":[-687.563171,555.347595,302.375122],"isRenderEnabled":false,"rotationMatrix":[-0.686188102,-0.727326572,-0.0118895844,0.712849915,-0.669095278,-0.21013318,0.144880205,-0.152666435,0.977600455],"shapeName":"/levels/west_coast_usa/art/shapes/objects/s_containers_40_beamng.dae","useInstanceRenderData":true}
{"class":"TSStatic","persistentId":"25ef0d8b-2aef-4f13-b92e-0b66a998a7bb","__parent":"SimGroup_","position":[-721.03595,523.179138,302.652618],"isRenderEnabled":false,"rotationMatrix":[-0.0386637449,-0.998950183,-0.0245558061,0.996465981,-0.0367105007,-0.0755467415,0.0745659918,-0.0273899753,0.996839881],"shapeName":"/levels/west_coast_usa/art/shapes/objects/s_containers_40_beamng.dae","useInstanceRenderData":true}
{"class":"TSStatic","persistentId":"274ab465-6816-4b31-9118-2f0199c22c82","__parent":"SimGroup_","position":[-586.210815,512.432861,302.63855],"isRenderEnabled":false,"rotationMatrix":[0.0605739951,0.998107314,-0.0106146112,-0.995198131,0.059571445,-0.0776653662,-0.0768860355,0.0152681414,0.99692297],"shapeName":"/levels/west_coast_usa/art/shapes/objects/s_containers_40_beamng.dae","useInstanceRenderData":true}
{"class":"TSStatic","persistentId":"29b8582b-6773-4eea-ac9c-5cc2fb00c2b3","__parent":"SimGroup_","position":[-655.131287,485.748444,296.099823],"isRenderEnabled":false,"rotationMatrix":[0.994167507,-0.0962498114,0.0486516021,0.100230463,0.991120756,-0.0873698071,-0.0398102812,0.0917365924,0.99498719],"shapeName":"/levels/west_coast_usa/art/shapes/objects/s_containers_40_beamng.dae","useInstanceRenderData":true}
{"class":"TSStatic","persistentId":"2a256681-5828-4323-878d-13a007a14b25","__parent":"SimGroup_","position":[-709.610535,515.540588,301.03064],"isRenderEnabled":false,"rotationMatrix":[-0.038664341,-0.998950243,-0.0245557353,0.983862162,-0.0337610245,-0.175712705,0.174699247,-0.0309533179,0.984135151],"shapeName":"/levels/west_coast_usa/art/shapes/objects/s_containers_40_beamng.dae","useInstanceRenderData":true}
{"class":"TSStatic","persistentId":"2bb0023f-9501-45f0-8eeb-d6443f04bdfa","__parent":"SimGroup_","position":[-657.52533,496.39212,295.934998],"isRenderEnabled":false,"rotationMatrix":[0.705501795,-0.708708048,0,0.708708048,0.705501795,0,0,0,1],"shapeName":"/levels/west_coast_usa/art/shapes/objects/s_containers_40_beamng.dae","useInstanceRenderData":true}
{"class":"TSStatic","persistentId":"2bf6f5a8-f6da-42c1-b54d-9e5a1fac4d52","__parent":"SimGroup_","position":[-662.517639,501.407013,295.934998],"isRenderEnabled":false,"rotationMatrix":[0.705501795,-0.708708048,0,0.708708048,0.705501795,0,0,0,1],"shapeName":"/levels/west_coast_usa/art/shapes/objects/s_containers_40_beamng.dae","useInstanceRenderData":true}
{"class":"TSStatic","persistentId":"2d7b5464-f64b-4cfb-8879-18ccf30fc5fb","__parent":"SimGroup_","position":[-664.201416,536.473877,295.934998],"isRenderEnabled":false,"rotationMatrix":[0.705501795,-0.708708048,0,0.708708048,0.705501795,0,0,0,1],"shapeName":"/levels/west_coast_usa/art/shapes/objects/s_containers_40_beamng.dae","useInstanceRenderData":true}
{"class":"TSStatic","persistentId":"2d86baab-740a-48cd-bff6-7f266a68951c","__parent":"SimGroup_","position":[-613.750732,471.114441,303.592987],"isRenderEnabled":false,"rotationMatrix":[0.701962411,0.712213933,1.11758709e-08,-0.70843178,0.698234737,-0.102920108,-0.0733011514,0.0722460374,0.994689643],"shapeName":"/levels/west_coast_usa/art/shapes/objects/s_containers_40_beamng.dae","useInstanceRenderData":true}
{"class":"TSStatic","persistentId":"2f34e592-d876-4b8f-9bfb-dd0a138b5f9c","__parent":"SimGroup_","position":[-707.628113,466.492706,298.823822],"isRenderEnabled":false,"rotationMatrix":[0.688337803,-0.725230694,-0.015207435,0.72535491,0.688359618,0.00458715856,0.00714143272,-0.0141883064,0.999873817],"shapeName":"/levels/west_coast_usa/art/shapes/objects/s_containers_40_beamng.dae","useInstanceRenderData":true}
{"class":"TSStatic","persistentId":"2ff83081-94fe-411f-8249-6356928ae7a2","__parent":"SimGroup_","position":[-666.982422,439.415527,298.029205],"isRenderEnabled":false,"rotationMatrix":[0.994167447,-0.0962503925,0.0486516245,0.0957041755,0.995319068,0.0134401144,-0.0497175045,-0.00870555919,0.998725355],"shapeName":"/levels/west_coast_usa/art/shapes/objects/s_containers_40_beamng.dae","useInstanceRenderData":true}
{"class":"TSStatic","persistentId":"30985ed1-30f4-429a-a716-f4bed3df096a","__parent":"SimGroup_","position":[-652.382568,541.421814,295.934998],"isRenderEnabled":false,"rotationMatrix":[0.705501795,-0.708708048,0,0.708708048,0.705501795,0,0,0,1],"shapeName":"/levels/west_coast_usa/art/shapes/objects/s_containers_40_beamng.dae","useInstanceRenderData":true}
{"class":"TSStatic","persistentId":"30d5717f-eefe-498f-a45e-d27b2e4553e9","__parent":"SimGroup_","position":[-733.115173,523.624207,303.56842],"isRenderEnabled":false,"rotationMatrix":[-0.0386637449,-0.998950183,-0.0245558061,0.996465981,-0.0367105007,-0.0755467415,0.0745659918,-0.0273899753,0.996839881],"shapeName":"/levels/west_coast_usa/art/shapes/objects/s_containers_40_beamng.dae","useInstanceRenderData":true}
{"class":"TSStatic","persistentId":"32ddec24-ce9e-4570-bdab-499fd29310c1","__parent":"SimGroup_","position":[-709.423828,520.366882,301.149261],"isRenderEnabled":false,"rotationMatrix":[-0.038664341,-0.998950243,-0.0245557353,0.983862162,-0.0337610245,-0.175712705,0.174699247,-0.0309533179,0.984135151],"shapeName":"/levels/west_coast_usa/art/shapes/objects/s_containers_40_beamng.dae","useInstanceRenderData":true}
{"class":"TSStatic","persistentId":"32de5433-b085-48af-a14d-64f0158acbca","__parent":"SimGroup_","position":[-655.093567,462.291901,298.264008],"isRenderEnabled":false,"rotationMatrix":[0.994167507,-0.0962498114,0.0486516021,0.100230463,0.991120756,-0.0873698071,-0.0398102812,0.0917365924,0.99498719],"shapeName":"/levels/west_coast_usa/art/shapes/objects/s_containers_40_beamng.dae","useInstanceRenderData":true}
{"class":"TSStatic","persistentId":"332b2f6b-6608-4195-bec9-9f7af65622be","__parent":"SimGroup_","position":[-616.025146,553.335449,298.840302],"isRenderEnabled":false,"rotationMatrix":[-0.672264814,0.740277827,-0.00698062405,-0.73548466,-0.66892755,-0.107695602,-0.0843942016,-0.067265816,0.9941594],"shapeName":"/levels/west_coast_usa/art/shapes/objects/s_containers_40_beamng.dae","useInstanceRenderData":true}
{"class":"TSStatic","persistentId":"34f3b115-bba4-41cb-b1b2-0b1c009d2ffd","__parent":"SimGroup_","position":[-659.132385,514.987122,295.934998],"isRenderEnabled":false,"rotationMatrix":[0.705501795,-0.708708048,0,0.708708048,0.705501795,0,0,0,1],"shapeName":"/levels/west_coast_usa/art/shapes/objects/s_containers_40_beamng.dae","useInstanceRenderData":true}
{"class":"TSStatic","persistentId":"3611f787-d95e-4550-90e1-d151054502d2","__parent":"SimGroup_","position":[-657.618469,529.860962,295.934998],"isRenderEnabled":false,"rotationMatrix":[0.705501795,-0.708708048,0,0.708708048,0.705501795,0,0,0,1],"shapeName":"/levels/west_coast_usa/art/shapes/objects/s_containers_40_beamng.dae","useInstanceRenderData":true}
{"class":"TSStatic","persistentId":"36549ba4-cf36-4643-b955-b42ae7d63c5e","__parent":"SimGroup_","position":[-644.588928,585.941223,299.252716],"isRenderEnabled":false,"rotationMatrix":[-0.991963863,0.117327258,0.0473514833,-0.117487252,-0.993074298,-0.000600402011,0.0469530933,-0.00615877286,0.998878121],"shapeName":"/levels/west_coast_usa/art/shapes/objects/s_containers_40_beamng.dae","useInstanceRenderData":true}
{"class":"TSStatic","persistentId":"369d165f-3cf4-423e-82ef-421809928db7","__parent":"SimGroup_","position":[-689.231567,553.579041,302.346252],"isRenderEnabled":false,"rotationMatrix":[-0.686188102,-0.727326572,-0.0118895844,0.712849915,-0.669095278,-0.21013318,0.144880205,-0.152666435,0.977600455],"shapeName":"/levels/west_coast_usa/art/shapes/objects/s_containers_40_beamng.dae","useInstanceRenderData":true}
{"class":"TSStatic","persistentId":"379d73d2-6b17-4e99-9c30-3cb01506509f","__parent":"SimGroup_","position":[-626.738342,490.694733,299.482147],"isRenderEnabled":false,"rotationMatrix":[0.701962352,0.712214053,1.49011612e-08,-0.697424829,0.687385917,-0.202729419,-0.144386753,0.142308399,0.979234815],"shapeName":"/levels/west_coast_usa/art/shapes/objects/s_containers_40_beamng.dae","useInstanceRenderData":true}
{"class":"TSStatic","persistentId":"38035159-b798-445c-ad0a-c53180760db8","__parent":"SimGroup_","position":[-639.404175,511.564056,295.934998],"isRenderEnabled":false,"rotationMatrix":[0.705501795,-0.708708048,0,0.708708048,0.705501795,0,0,0,1],"shapeName":"/levels/west_coast_usa/art/shapes/objects/s_containers_40_beamng.dae","useInstanceRenderData":true}
{"class":"TSStatic","persistentId":"3806931f-ff36-41a9-8a3a-9542094900a7","__parent":"SimGroup_","position":[-703.184875,573.328918,305.596802],"isRenderEnabled":false,"rotationMatrix":[-0.68618834,-0.727326453,-0.0118895844,0.723828018,-0.681082368,-0.110450998,0.072236158,-0.0843962282,0.993810475],"shapeName":"/levels/west_coast_usa/art/shapes/objects/s_containers_40_beamng.dae","useInstanceRenderData":true}
{"class":"TSStatic","persistentId":"38d9df7a-b35c-4b0a-8b46-a7e2b1af45aa","__parent":"SimGroup_","position":[-594.934448,473.028503,304.840607],"isRenderEnabled":false,"rotationMatrix":[0.701962411,0.712213933,1.11758709e-08,-0.70843178,0.698234737,-0.102920108,-0.0733011514,0.0722460374,0.994689643],"shapeName":"/levels/west_coast_usa/art/shapes/objects/s_containers_40_beamng.dae","useInstanceRenderData":true}
{"class":"TSStatic","persistentId":"3abc0d72-5532-441c-9bea-a490ebffc112","__parent":"SimGroup_","position":[-598.325989,469.587372,304.840637],"isRenderEnabled":false,"rotationMatrix":[0.701962411,0.712213933,1.11758709e-08,-0.70843178,0.698234737,-0.102920108,-0.0733011514,0.0722460374,0.994689643],"shapeName":"/levels/west_coast_usa/art/shapes/objects/s_containers_40_beamng.dae","useInstanceRenderData":true}
{"class":"TSStatic","persistentId":"3ac52346-867b-47cd-a462-6a6ca3524f9b","__parent":"SimGroup_","position":[-664.59613,439.184723,298.145966],"isRenderEnabled":false,"rotationMatrix":[0.994167447,-0.0962503925,0.0486516245,0.0957041755,0.995319068,0.0134401144,-0.0497175045,-0.00870555919,0.998725355],"shapeName":"/levels/west_coast_usa/art/shapes/objects/s_containers_40_beamng.dae","useInstanceRenderData":true}
{"class":"TSStatic","persistentId":"3c14a48e-5997-4569-b40f-ef6ca4008b1b","__parent":"SimGroup_","position":[-657.479736,462.522797,298.147217],"isRenderEnabled":false,"rotationMatrix":[0.994167507,-0.0962498114,0.0486516021,0.100230463,0.991120756,-0.0873698071,-0.0398102812,0.0917365924,0.99498719],"shapeName":"/levels/west_coast_usa/art/shapes/objects/s_containers_40_beamng.dae","useInstanceRenderData":true}
{"class":"TSStatic","persistentId":"3c24b93a-55f7-426d-b657-b4791e9a2acc","__parent":"SimGroup_","position":[-644.246521,516.428345,295.934998],"isRenderEnabled":false,"rotationMatrix":[0.705501795,-0.708708048,0,0.708708048,0.705501795,0,0,0,1],"shapeName":"/levels/west_coast_usa/art/shapes/objects/s_containers_40_beamng.dae","useInstanceRenderData":true}
{"class":"TSStatic","persistentId":"3d49ec5c-3517-4779-a8d1-81212936509e","__parent":"SimGroup_","position":[-598.364441,569.447083,299.559814],"isRenderEnabled":false,"rotationMatrix":[-0.672264814,0.740277886,-0.00698063057,-0.740246296,-0.672300816,-0.00686556706,-0.00977551099,0.000551906414,0.999952078],"shapeName":"/levels/west_coast_usa/art/shapes/objects/s_containers_40_beamng.dae","useInstanceRenderData":true}
{"class":"TSStatic","persistentId":"3d7aa163-a129-4a5f-975c-917597144027","__parent":"SimGroup_","position":[-635.028503,498.865265,297.072662],"isRenderEnabled":false,"rotationMatrix":[0.701962352,0.712213993,0,-0.699510217,0.689441442,-0.188031599,-0.133918762,0.131991103,0.982162952],"shapeName":"/levels/west_coast_usa/art/shapes/objects/s_containers_40_beamng.dae","useInstanceRenderData":true}
{"class":"TSStatic","persistentId":"3dc31255-60cd-4150-afcc-07be52086378","__parent":"SimGroup_","position":[-651.87561,586.777039,299.600494],"isRenderEnabled":false,"rotationMatrix":[-0.991963863,0.117327258,0.0473514833,-0.117487252,-0.993074298,-0.000600402011,0.0469530933,-0.00615877286,0.998878121],"shapeName":"/levels/west_coast_usa/art/shapes/objects/s_containers_40_beamng.dae","useInstanceRenderData":true}
{"class":"TSStatic","persistentId":"403a4660-7459-4159-b0a9-6a0223a71b40","__parent":"SimGroup_","position":[-698.869324,474.872833,298.880157],"isRenderEnabled":false,"rotationMatrix":[0.688337803,-0.725230694,-0.015207435,0.72535491,0.688359618,0.00458715856,0.00714143272,-0.0141883064,0.999873817],"shapeName":"/levels/west_coast_usa/art/shapes/objects/s_containers_40_beamng.dae","useInstanceRenderData":true}
{"class":"TSStatic","persistentId":"40921554-8e04-4bf7-b6cf-6cc21d2ab678","__parent":"SimGroup_","position":[-662.163879,438.949127,298.265015],"isRenderEnabled":false,"rotationMatrix":[0.994167447,-0.0962503925,0.0486516245,0.0957041755,0.995319068,0.0134401144,-0.0497175045,-0.00870555919,0.998725355],"shapeName":"/levels/west_coast_usa/art/shapes/objects/s_containers_40_beamng.dae","useInstanceRenderData":true}
{"class":"TSStatic","persistentId":"417e5614-a5fd-4cc4-86eb-0d20fb800b02","__parent":"SimGroup_","position":[-714.2901,473.511719,298.970978],"isRenderEnabled":false,"rotationMatrix":[0.688337803,-0.725230694,-0.015207435,0.72535491,0.688359618,0.00458715856,0.00714143272,-0.0141883064,0.999873817],"shapeName":"/levels/west_coast_usa/art/shapes/objects/s_containers_40_beamng.dae","useInstanceRenderData":true}
{"class":"TSStatic","persistentId":"427d4d69-f7de-4563-8ad6-797d2007105a","__parent":"SimGroup_","position":[-662.486084,534.750732,295.934998],"isRenderEnabled":false,"rotationMatrix":[0.705501795,-0.708708048,0,0.708708048,0.705501795,0,0,0,1],"shapeName":"/levels/west_coast_usa/art/shapes/objects/s_containers_40_beamng.dae","useInstanceRenderData":true}
{"class":"TSStatic","persistentId":"439f7642-cab1-4662-925b-b72a89e022de","__parent":"SimGroup_","position":[-610.646423,564.902344,299.442261],"isRenderEnabled":false,"rotationMatrix":[-0.672264814,0.740277886,-0.00698063057,-0.740246296,-0.672300816,-0.00686556706,-0.00977551099,0.000551906414,0.999952078],"shapeName":"/levels/west_coast_usa/art/shapes/objects/s_containers_40_beamng.dae","useInstanceRenderData":true}
{"class":"TSStatic","persistentId":"440ea91c-944a-47f9-8b20-eabc763f6e02","__parent":"SimGroup_","position":[-622.918518,543.821472,297.61142],"isRenderEnabled":false,"rotationMatrix":[-0.672264814,0.740277827,-0.00698062405,-0.73548466,-0.66892755,-0.107695602,-0.0843942016,-0.067265816,0.9941594],"shapeName":"/levels/west_coast_usa/art/shapes/objects/s_containers_40_beamng.dae","useInstanceRenderData":true}
{"class":"TSStatic","persistentId":"443c2cd4-f4b9-4a98-be84-a1a38afc0fa5","__parent":"SimGroup_","position":[-593.471558,564.059204,299.610596],"isRenderEnabled":false,"rotationMatrix":[-0.672264814,0.740277886,-0.00698063057,-0.740246296,-0.672300816,-0.00686556706,-0.00977551099,0.000551906414,0.999952078],"shapeName":"/levels/west_coast_usa/art/shapes/objects/s_containers_40_beamng.dae","useInstanceRenderData":true}
{"class":"TSStatic","persistentId":"462d7fdb-7a62-48a9-b5d0-41ec4b5fadb9","__parent":"SimGroup_","position":[-733.491821,513.894714,303.329315],"isRenderEnabled":false,"rotationMatrix":[-0.0386637449,-0.998950183,-0.0245558061,0.996465981,-0.0367105007,-0.0755467415,0.0745659918,-0.0273899753,0.996839881],"shapeName":"/levels/west_coast_usa/art/shapes/objects/s_containers_40_beamng.dae","useInstanceRenderData":true}
{"class":"TSStatic","persistentId":"46c9eebc-b729-4230-8a48-ba6383708df4","__parent":"SimGroup_","position":[-676.021301,514.972229,295.934998],"isRenderEnabled":false,"rotationMatrix":[0.705501795,-0.708708048,0,0.708708048,0.705501795,0,0,0,1],"shapeName":"/levels/west_coast_usa/art/shapes/objects/s_containers_40_beamng.dae","useInstanceRenderData":true}
{"class":"TSStatic","persistentId":"4706c12d-f9e2-4cba-b834-3251d6e6d3e8","__parent":"SimGroup_","position":[-655.241211,599.407593,299.836487],"isRenderEnabled":false,"rotationMatrix":[-0.991963863,0.117327258,0.0473514833,-0.117487252,-0.993074298,-0.000600402011,0.0469530933,-0.00615877286,0.998878121],"shapeName":"/levels/west_coast_usa/art/shapes/objects/s_containers_40_beamng.dae","useInstanceRenderData":true}
{"class":"TSStatic","persistentId":"47698eb3-1c47-450f-8644-0da414119997","__parent":"SimGroup_","position":[-640.786743,597.698059,299.146515],"isRenderEnabled":false,"rotationMatrix":[-0.991963863,0.117327258,0.0473514833,-0.117487252,-0.993074298,-0.000600402011,0.0469530933,-0.00615877286,0.998878121],"shapeName":"/levels/west_coast_usa/art/shapes/objects/s_containers_40_beamng.dae","useInstanceRenderData":true}
{"class":"TSStatic","persistentId":"47b3c4e6-e138-4a0f-be6b-f31c71f5733f","__parent":"SimGroup_","position":[-698.137878,517.547791,299.05719],"isRenderEnabled":false,"rotationMatrix":[-0.038664341,-0.998950243,-0.0245557353,0.983862162,-0.0337610245,-0.175712705,0.174699247,-0.0309533179,0.984135151],"shapeName":"/levels/west_coast_usa/art/shapes/objects/s_containers_40_beamng.dae","useInstanceRenderData":true}
{"class":"TSStatic","persistentId":"48201e91-677c-46e3-b695-127b7a40058a","__parent":"SimGroup_","position":[-648.849792,551.100281,296.31546],"isRenderEnabled":false,"rotationMatrix":[-0.991963863,0.117326647,0.0473514646,-0.121623576,-0.987388015,-0.101354174,0.0348627195,-0.106298737,0.993722856],"shapeName":"/levels/west_coast_usa/art/shapes/objects/s_containers_40_beamng.dae","useInstanceRenderData":true}
{"class":"TSStatic","persistentId":"4c1666c8-5220-47dc-b2d5-04a638b3ef7f","__parent":"SimGroup_","position":[-663.435974,451.250031,298.308838],"isRenderEnabled":false,"rotationMatrix":[0.994167447,-0.0962503925,0.0486516245,0.0957041755,0.995319068,0.0134401144,-0.0497175045,-0.00870555919,0.998725355],"shapeName":"/levels/west_coast_usa/art/shapes/objects/s_containers_40_beamng.dae","useInstanceRenderData":true}
{"class":"TSStatic","persistentId":"4d50c427-dd73-4782-b81a-52faef9f6c9b","__parent":"SimGroup_","position":[-674.217285,536.197693,297.259369],"isRenderEnabled":false,"rotationMatrix":[-0.686188459,-0.72732681,-0.0118896067,0.710110724,-0.666222334,-0.227795601,0.15776071,-0.164753616,0.973636389],"shapeName":"/levels/west_coast_usa/art/shapes/objects/s_containers_40_beamng.dae","useInstanceRenderData":true}
{"class":"TSStatic","persistentId":"4e8a0e6f-4469-4471-93fe-527f07e31ba9","__parent":"SimGroup_","position":[-686.368286,519.575867,297.031647],"isRenderEnabled":false,"rotationMatrix":[-0.038664341,-0.998950243,-0.0245557353,0.983862162,-0.0337610245,-0.175712705,0.174699247,-0.0309533179,0.984135151],"shapeName":"/levels/west_coast_usa/art/shapes/objects/s_containers_40_beamng.dae","useInstanceRenderData":true}
{"class":"TSStatic","persistentId":"4ed1f2d7-42f5-4ecb-8d02-7f1c9e4bc965","__parent":"SimGroup_","position":[-674.305969,513.249084,295.934998],"isRenderEnabled":false,"rotationMatrix":[0.705501795,-0.708708048,0,0.708708048,0.705501795,0,0,0,1],"shapeName":"/levels/west_coast_usa/art/shapes/objects/s_containers_40_beamng.dae","useInstanceRenderData":true}
{"class":"TSStatic","persistentId":"4f0410ea-0750-4701-8f98-3583050de063","__parent":"SimGroup_","position":[-585.646606,522.156067,302.533203],"isRenderEnabled":false,"rotationMatrix":[0.0605739951,0.998107314,-0.0106146112,-0.995198131,0.059571445,-0.0776653662,-0.0768860355,0.0152681414,0.99692297],"shapeName":"/levels/west_coast_usa/art/shapes/objects/s_containers_40_beamng.dae","useInstanceRenderData":true}
{"class":"TSStatic","persistentId":"50fcd8a6-9421-4e0b-839d-b2f15b73c4b2","__parent":"SimGroup_","position":[-661.052795,451.019226,298.425507],"isRenderEnabled":false,"rotationMatrix":[0.994167447,-0.0962503925,0.0486516245,0.0957041755,0.995319068,0.0134401144,-0.0497175045,-0.00870555919,0.998725355],"shapeName":"/levels/west_coast_usa/art/shapes/objects/s_containers_40_beamng.dae","useInstanceRenderData":true}
{"class":"TSStatic","persistentId":"516384a5-1a16-4646-b79c-88a9f8d62aff","__parent":"SimGroup_","position":[-656.091675,494.951904,295.934998],"isRenderEnabled":false,"rotationMatrix":[0.705501795,-0.708708048,0,0.708708048,0.705501795,0,0,0,1],"shapeName":"/levels/west_coast_usa/art/shapes/objects/s_containers_40_beamng.dae","useInstanceRenderData":true}
{"class":"TSStatic","persistentId":"51a8a67c-e0d2-4932-9a20-c3640b805e64","__parent":"SimGroup_","position":[-693.64856,486.499176,298.452057],"isRenderEnabled":false,"rotationMatrix":[0.688337564,-0.725230992,-0.0152074285,0.720935285,0.686279595,-0.0962933749,0.0802714974,0.0553187616,0.995236814],"shapeName":"/levels/west_coast_usa/art/shapes/objects/s_containers_40_beamng.dae","useInstanceRenderData":true}
{"class":"TSStatic","persistentId":"51e4c3b0-3cab-48eb-a4cb-941bc3895d12","__parent":"SimGroup_","position":[-586.356079,510.037292,302.664032],"isRenderEnabled":false,"rotationMatrix":[0.0605739951,0.998107314,-0.0106146112,-0.995198131,0.059571445,-0.0776653662,-0.0768860355,0.0152681414,0.99692297],"shapeName":"/levels/west_coast_usa/art/shapes/objects/s_containers_40_beamng.dae","useInstanceRenderData":true}
{"class":"TSStatic","persistentId":"52da673f-193d-4f49-afba-6838746bbc7a","__parent":"SimGroup_","position":[-667.531067,523.423889,295.934998],"isRenderEnabled":false,"rotationMatrix":[0.705501795,-0.708708048,0,0.708708048,0.705501795,0,0,0,1],"shapeName":"/levels/west_coast_usa/art/shapes/objects/s_containers_40_beamng.dae","useInstanceRenderData":true}
{"class":"TSStatic","persistentId":"5323e2a7-9900-4360-bb62-082fa7484abd","__parent":"SimGroup_","position":[-650.109558,437.782257,298.854858],"isRenderEnabled":false,"rotationMatrix":[0.994167447,-0.0962503925,0.0486516245,0.0957041755,0.995319068,0.0134401144,-0.0497175045,-0.00870555919,0.998725355],"shapeName":"/levels/west_coast_usa/art/shapes/objects/s_containers_40_beamng.dae","useInstanceRenderData":true}
{"class":"TSStatic","persistentId":"534ffe84-ed44-43b2-8bc0-cdfef0165e98","__parent":"SimGroup_","position":[-670.901978,539.711853,297.316742],"isRenderEnabled":false,"rotationMatrix":[-0.686188459,-0.72732681,-0.0118896067,0.710110724,-0.666222334,-0.227795601,0.15776071,-0.164753616,0.973636389],"shapeName":"/levels/west_coast_usa/art/shapes/objects/s_containers_40_beamng.dae","useInstanceRenderData":true}
{"class":"TSStatic","persistentId":"538510f4-838f-4dcc-8956-66b717614215","__parent":"SimGroup_","position":[-642.531189,514.7052,295.934998],"isRenderEnabled":false,"rotationMatrix":[0.705501795,-0.708708048,0,0.708708048,0.705501795,0,0,0,1],"shapeName":"/levels/west_coast_usa/art/shapes/objects/s_containers_40_beamng.dae","useInstanceRenderData":true}
{"class":"TSStatic","persistentId":"53ff5586-887d-4e21-a255-8d0c8861c674","__parent":"SimGroup_","position":[-596.619202,471.319031,304.840637],"isRenderEnabled":false,"rotationMatrix":[0.701962411,0.712213933,1.11758709e-08,-0.70843178,0.698234737,-0.102920108,-0.0733011514,0.0722460374,0.994689643],"shapeName":"/levels/west_coast_usa/art/shapes/objects/s_containers_40_beamng.dae","useInstanceRenderData":true}
{"class":"TSStatic","persistentId":"55a3cdc6-5065-4312-8889-ba2e6ba3b01d","__parent":"SimGroup_","position":[-701.075195,557.971008,304.139282],"isRenderEnabled":false,"rotationMatrix":[-0.68618834,-0.727326453,-0.0118895844,0.723828018,-0.681082368,-0.110450998,0.072236158,-0.0843962282,0.993810475],"shapeName":"/levels/west_coast_usa/art/shapes/objects/s_containers_40_beamng.dae","useInstanceRenderData":true}
{"class":"TSStatic","persistentId":"56a7819f-5da7-46db-a215-77179557571d","__parent":"SimGroup_","position":[-620.627319,519.298645,296.950623],"isRenderEnabled":false,"rotationMatrix":[0.0605732799,0.998107433,-0.0106146708,-0.98236692,0.05772686,-0.177828833,-0.176879495,0.0211991966,0.9840042],"shapeName":"/levels/west_coast_usa/art/shapes/objects/s_containers_40_beamng.dae","useInstanceRenderData":true}
{"class":"TSStatic","persistentId":"580427ad-e6d1-43a3-bfca-bcef866ac93c","__parent":"SimGroup_","position":[-706.532166,569.780945,305.538788],"isRenderEnabled":false,"rotationMatrix":[-0.68618834,-0.727326453,-0.0118895844,0.723828018,-0.681082368,-0.110450998,0.072236158,-0.0843962282,0.993810475],"shapeName":"/levels/west_coast_usa/art/shapes/objects/s_containers_40_beamng.dae","useInstanceRenderData":true}
{"class":"TSStatic","persistentId":"59c73801-26af-4d03-b1a5-13a7fcc11404","__parent":"SimGroup_","position":[-699.869446,576.843079,305.654266],"isRenderEnabled":false,"rotationMatrix":[-0.68618834,-0.727326453,-0.0118895844,0.723828018,-0.681082368,-0.110450998,0.072236158,-0.0843962282,0.993810475],"shapeName":"/levels/west_coast_usa/art/shapes/objects/s_containers_40_beamng.dae","useInstanceRenderData":true}
{"class":"TSStatic","persistentId":"59d5eec9-ee50-41db-8df3-0a0502cf77bf","__parent":"SimGroup_","position":[-573.85144,516.579651,303.52829],"isRenderEnabled":false,"rotationMatrix":[0.0605739951,0.998107314,-0.0106146112,-0.995198131,0.059571445,-0.0776653662,-0.0768860355,0.0152681414,0.99692297],"shapeName":"/levels/west_coast_usa/art/shapes/objects/s_containers_40_beamng.dae","useInstanceRenderData":true}
{"class":"TSStatic","persistentId":"5a4e371a-aa58-415e-a322-0cfcff988caa","__parent":"SimGroup_","position":[-639.113342,528.092163,295.934998],"isRenderEnabled":false,"rotationMatrix":[0.705501795,-0.708708048,0,0.708708048,0.705501795,0,0,0,1],"shapeName":"/levels/west_coast_usa/art/shapes/objects/s_containers_40_beamng.dae","useInstanceRenderData":true}
{"class":"TSStatic","persistentId":"5b2cb4bc-a782-4249-b325-ce79677a0886","__parent":"SimGroup_","position":[-665.815735,521.700745,295.934998],"isRenderEnabled":false,"rotationMatrix":[0.705501795,-0.708708048,0,0.708708048,0.705501795,0,0,0,1],"shapeName":"/levels/west_coast_usa/art/shapes/objects/s_containers_40_beamng.dae","useInstanceRenderData":true}
{"class":"TSStatic","persistentId":"5ca60d0d-44da-470f-9ab8-a5bcebf2fd34","__parent":"SimGroup_","position":[-694.410583,565.072937,304.257904],"isRenderEnabled":false,"rotationMatrix":[-0.68618834,-0.727326453,-0.0118895844,0.723828018,-0.681082368,-0.110450998,0.072236158,-0.0843962282,0.993810475],"shapeName":"/levels/west_coast_usa/art/shapes/objects/s_containers_40_beamng.dae","useInstanceRenderData":true}
{"class":"TSStatic","persistentId":"5df509d0-a90c-494e-8a9d-0a853cc4b4c6","__parent":"SimGroup_","position":[-597.461609,520.341797,301.092285],"isRenderEnabled":false,"rotationMatrix":[0.0605732799,0.998107433,-0.0106146708,-0.98236692,0.05772686,-0.177828833,-0.176879495,0.0211991966,0.9840042],"shapeName":"/levels/west_coast_usa/art/shapes/objects/s_containers_40_beamng.dae","useInstanceRenderData":true}
{"class":"TSStatic","persistentId":"5e3b37bb-80d2-442d-a577-235d5ad7067a","__parent":"SimGroup_","position":[-702.60791,461.203369,298.71283],"isRenderEnabled":false,"rotationMatrix":[0.688337803,-0.725230694,-0.015207435,0.72535491,0.688359618,0.00458715856,0.00714143272,-0.0141883064,0.999873817],"shapeName":"/levels/west_coast_usa/art/shapes/objects/s_containers_40_beamng.dae","useInstanceRenderData":true}
{"class":"TSStatic","persistentId":"5e807176-73d4-45ec-86f0-d1ad9560c2be","__parent":"SimGroup_","position":[-612.777039,549.758728,298.874023],"isRenderEnabled":false,"rotationMatrix":[-0.672264814,0.740277827,-0.00698062405,-0.73548466,-0.66892755,-0.107695602,-0.0843942016,-0.067265816,0.9941594],"shapeName":"/levels/west_coast_usa/art/shapes/objects/s_containers_40_beamng.dae","useInstanceRenderData":true}
{"class":"TSStatic","persistentId":"60d34ae9-0245-44e0-bcbd-235b1846e7b8","__parent":"SimGroup_","position":[-733.396667,516.353943,303.389709],"isRenderEnabled":false,"rotationMatrix":[-0.0386637449,-0.998950183,-0.0245558061,0.996465981,-0.0367105007,-0.0755467415,0.0745659918,-0.0273899753,0.996839881],"shapeName":"/levels/west_coast_usa/art/shapes/objects/s_containers_40_beamng.dae","useInstanceRenderData":true}
{"class":"TSStatic","persistentId":"6130adf0-8aae-459f-8299-cb659a81a8af","__parent":"SimGroup_","position":[-612.26001,566.679077,299.425446],"isRenderEnabled":false,"rotationMatrix":[-0.672264814,0.740277886,-0.00698063057,-0.740246296,-0.672300816,-0.00686556706,-0.00977551099,0.000551906414,0.999952078],"shapeName":"/levels/west_coast_usa/art/shapes/objects/s_containers_40_beamng.dae","useInstanceRenderData":true}
