{"name":"gravityTrigger112","class":"BeamNGTrigger","__parent":"SimGroup_","position":[0,200,616.151001],"luaFunction":"local function onFloatyGravity(data)\n\tlocal isLocalVehicle = false\t\nfor vehID, vehData in pairs(MPVehicleGE.getOwnMap()) do\t\nif vehID == data.subjectID then\t\nisLocalVehicle = true\t\nbreak\t\nend\t\nend\t\nif not isLocalVehicle then return end\t\nif data.event == \"exit\" then\n\t\tcore_environment.setGravity(-9.81)\n\telse\n\t\tcore_environment.setGravity(0)\n\tend\nend\n\nonFloatyGravity","rotationMatrix":[0.707106709,0.707106709,0,-0.707106709,0.707106709,0,0,0,0.999999881],"scale":[78.6229401,241.720398,67.6734314],"tickPeriod":200,"ticking":true,"triggerMode":"Overlaps","triggerTestType":"Bounding box"}
{"name":"gravityTrigger122","class":"BeamNGTrigger","__parent":"SimGroup_","position":[0,200,616.151001],"luaFunction":"local function onFloatyGravity(data)\n\tlocal isLocalVehicle = false\t\nfor vehID, vehData in pairs(MPVehicleGE.getOwnMap()) do\t\nif vehID == data.subjectID then\t\nisLocalVehicle = true\t\nbreak\t\nend\t\nend\t\nif not isLocalVehicle then return end\t\nif data.event == \"exit\" then\n\t\tcore_environment.setGravity(-9.81)\n\telse\n\t\tcore_environment.setGravity(0)\n\tend\nend\n\nonFloatyGravity","rotationMatrix":[0.99999994,0,0,0,0.99999994,0,0,0,0.999999881],"scale":[78.6229401,228.7117,67.6734314],"tickPeriod":200,"ticking":true,"triggerMode":"Overlaps","triggerTestType":"Bounding box"}
{"name":"gravityTrigger15","class":"BeamNGTrigger","__parent":"SimGroup_","position":[0,200,616.151001],"luaFunction":"local function onFloatyGravity(data)\n\tlocal isLocalVehicle = false\t\nfor vehID, vehData in pairs(MPVehicleGE.getOwnMap()) do\t\nif vehID == data.subjectID then\t\nisLocalVehicle = true\t\nbreak\t\nend\t\nend\t\nif not isLocalVehicle then return end\t\nif data.event == \"exit\" then\n\t\tcore_environment.setGravity(-9.81)\n\telse\n\t\tcore_environment.setGravity(0)\n\tend\nend\n\nonFloatyGravity","rotationMatrix":[-8.74227695e-08,-0.999999881,0,0.999999881,-8.74227695e-08,0,0,0,0.999999881],"scale":[78.6229401,228.7117,67.6734314],"tickPeriod":200,"ticking":true,"triggerMode":"Overlaps","triggerTestType":"Bounding box"}
{"name":"gravityTrigger3","class":"BeamNGTrigger","__parent":"SimGroup_","position":[0,200,616.151001],"luaFunction":"local function onFloatyGravity(data)\n\tlocal isLocalVehicle = false\t\nfor vehID, vehData in pairs(MPVehicleGE.getOwnMap()) do\t\nif vehID == data.subjectID then\t\nisLocalVehicle = true\t\nbreak\t\nend\t\nend\t\nif not isLocalVehicle then return end\t\nif data.event == \"exit\" then\n\t\tcore_environment.setGravity(-9.81)\n\telse\n\t\tcore_environment.setGravity(0)\n\tend\nend\n\nonFloatyGravity","rotationMatrix":[0.707106709,-0.707106709,0,0.707106709,0.707106709,0,0,0,0.999999881],"scale":[78.6229401,241.720398,67.6734314],"tickPeriod":200,"ticking":true,"triggerMode":"Overlaps","triggerTestType":"Bounding box"}
{"name":"outOfBoundTrigger","class":"BeamNGTrigger","persistentId":"cc107bde-ba15-4bee-adf0-6ededbcd5a92","__parent":"SimGroup_","position":[-4.50375748,193.877945,550.731201],"luaFunction":"onSumoTrigger","scale":[1500,1500,50],"triggerMode":"Overlaps","triggerTestType":"Bounding box"}
{"name":"SimGroup_","class":"SimGroup","groupPosition":"0.52918156150912 199.33341912754 605.24645896036"}
{"name":"SpotLight_1","class":"SpotLight","__parent":"SimGroup_","position":[143.925308,55.7687836,618.97583],"brightness":5,"color":[0.796824515,0.761937976,0.0781677812,1],"outerAngle":50,"range":30,"rotationMatrix":[7.64274186e-15,0.999999881,-8.74227695e-08,8.74227695e-08,-8.74227695e-08,-0.999999881,-0.999999881,0,-8.74227695e-08]}
{"name":"SpotLight_2","class":"SpotLight","__parent":"SimGroup_","position":[191.625412,199.980957,619.335388],"brightness":5,"color":[0.796824515,0.761937976,0.0781677812,1],"outerAngle":50,"range":30,"rotationMatrix":[-1.19209275e-07,0.999999881,0,8.74227695e-08,1.04216062e-14,-0.999999821,-0.999999821,-1.19209268e-07,-8.74227624e-08]}
{"name":"SpotLight_3","class":"SpotLight","__parent":"SimGroup_","position":[145.334274,343.043518,619.272949],"brightness":5,"color":[0.796824515,0.761937976,0.0781677812,1],"outerAngle":50,"range":30,"rotationMatrix":[-0.819151878,0.573576212,0,5.01436332e-08,7.16125328e-08,-0.999999821,-0.573576212,-0.819151819,-8.74227624e-08]}
{"name":"SpotLight_4","class":"SpotLight","__parent":"SimGroup_","position":[0.0661454201,391.625366,619.264954],"brightness":5,"color":[0.796824515,0.761937976,0.0781677812,1],"outerAngle":50,"range":30,"rotationMatrix":[-0.999999881,8.74227695e-08,0,7.64274186e-15,8.74227695e-08,-0.999999821,-8.74227695e-08,-0.999999821,-8.74227624e-08]}
{"name":"SpotLight_5","class":"SpotLight","__parent":"SimGroup_","position":[-144.007812,344.148743,619.329956],"brightness":5,"color":[0.796824515,0.761937976,0.0781677812,1],"outerAngle":50,"range":30,"rotationMatrix":[-0.707106829,-0.70710659,0,-6.18172251e-08,6.18172464e-08,-0.999999821,0.70710659,-0.707106829,-8.74227624e-08]}
{"name":"SpotLight_6","class":"SpotLight","__parent":"SimGroup_","position":[-191.625412,200.134705,619.248779],"brightness":5,"color":[0.796824515,0.761937976,0.0781677812,1],"outerAngle":50,"range":30,"rotationMatrix":[-1.19209275e-07,-0.999999881,0,-8.74227695e-08,1.04216062e-14,-0.999999821,0.999999821,-1.19209268e-07,-8.74227624e-08]}
{"name":"SpotLight_7","class":"SpotLight","__parent":"SimGroup_","position":[-144.185638,56.0291138,619.175537],"brightness":5,"color":[0.796824515,0.761937976,0.0781677812,1],"outerAngle":50,"range":30,"rotationMatrix":[0.707106709,-0.70710665,0,-6.18172322e-08,-6.18172322e-08,-0.999999821,0.70710665,0.707106709,-8.74227624e-08]}
{"name":"SpotLight_8","class":"SpotLight","__parent":"SimGroup_","position":[-0.124076128,8.37458801,619.202881],"brightness":5,"color":[0.796824515,0.761937976,0.0781677812,1],"outerAngle":50,"range":30,"rotationMatrix":[0.999999881,0,0,0,-8.74227695e-08,-0.999999821,0,0.999999821,-8.74227624e-08]}
{"class":"TSStatic","__parent":"SimGroup_","position":[0,0,600],"collisionType":"Visible Mesh Final","decalType":"Visible Mesh Final","isRenderEnabled":false,"scale":[4,4,4],"shapeName":"/art/castle.dae","useInstanceRenderData":true}
{"class":"TSStatic","__parent":"SimGroup_","position":[70.945549,28.6533508,609.178711],"allowPlayerStep":"1","isRenderEnabled":false,"mode":"Ignore","rotationMatrix":[-0.214076877,0.976816773,-1.29895734e-05,-0.976816773,-0.214076877,2.5310469e-06,-3.0839783e-07,1.32302721e-05,1],"scale":[1.29678059,3.3060658,1],"shapeName":"/art/ind_platform_10x10.dae"}
{"class":"TSStatic","__parent":"SimGroup_","position":[-70.6339645,36.357132,609.178528],"allowPlayerStep":"1","isRenderEnabled":false,"mode":"Ignore","rotationMatrix":[0.372845232,0.92789346,-1.21612939e-05,-0.92789346,0.372845232,-5.21899346e-06,-3.08390554e-07,1.3230263e-05,1],"scale":[1.29678059,3.3060658,1],"shapeName":"/art/ind_platform_10x10.dae"}
{"class":"TSStatic","__parent":"SimGroup_","position":[166.261902,127.696915,609.177429],"allowPlayerStep":"1","isRenderEnabled":false,"mode":"Ignore","rotationMatrix":[0.938538253,-0.345175236,4.85620103e-06,0.345175236,0.938538253,-1.23106583e-05,-3.08395556e-07,1.32302648e-05,1],"scale":[1.29678059,3.3060658,1],"shapeName":"/art/ind_platform_10x10.dae"}
{"class":"TSStatic","__parent":"SimGroup_","position":[71.9384689,363.175903,609.174255],"allowPlayerStep":"1","isRenderEnabled":false,"mode":"Ignore","rotationMatrix":[0.343189061,0.939266264,-1.23209093e-05,-0.939266264,0.343189061,-4.83014855e-06,-3.08395101e-07,1.32302703e-05,1],"scale":[1.29678059,3.3060658,1],"shapeName":"/art/ind_platform_10x10.dae"}
{"class":"TSStatic","__parent":"SimGroup_","position":[-69.6742477,368.087799,609.174194],"allowPlayerStep":"1","isRenderEnabled":false,"mode":"Ignore","rotationMatrix":[-0.239297271,0.970946133,-1.29196806e-05,-0.970946133,-0.239297271,2.86653312e-06,-3.08396011e-07,1.32302703e-05,1],"scale":[1.29678059,3.3060658,1],"shapeName":"/art/ind_platform_10x10.dae"}
{"class":"TSStatic","__parent":"SimGroup_","position":[-162.239182,265.76889,609.175537],"allowPlayerStep":"1","isRenderEnabled":false,"mode":"Ignore","rotationMatrix":[-0.939698458,0.342003405,-4.81459847e-06,-0.342003405,-0.939698458,1.23269956e-05,-3.08397148e-07,1.32302712e-05,1],"scale":[1.29678059,3.3060658,1],"shapeName":"/art/ind_platform_10x10.dae"}
{"class":"TSStatic","__parent":"SimGroup_","position":[172.504456,268.535248,609.175598],"allowPlayerStep":"1","isRenderEnabled":false,"mode":"Ignore","rotationMatrix":[-0.972616434,-0.232415199,2.77496565e-06,0.232415199,-0.972616434,1.29396622e-05,-3.08396579e-07,1.32302748e-05,1],"scale":[1.29678059,3.3060658,1],"shapeName":"/art/ind_platform_10x10.dae"}
{"class":"TSStatic","__parent":"SimGroup_","position":[110.463661,302.461761,603.29657],"allowPlayerStep":"1","isRenderEnabled":false,"mode":"Ignore","rotationMatrix":[-0.707106829,0.70710665,0,-0.70710665,-0.707106829,0,0,0,0.999999881],"scale":[7.95762968,3.50306535,1],"shapeName":"/art/ind_jumpramp_large.dae"}
{"class":"TSStatic","__parent":"SimGroup_","position":[103.037933,96.2112732,603.29657],"allowPlayerStep":"1","isRenderEnabled":false,"mode":"Ignore","rotationMatrix":[0.707106709,0.707106709,0,-0.707106709,0.707106709,0,0,0,0.999999881],"scale":[7.95762968,3.50306535,1],"shapeName":"/art/ind_jumpramp_large.dae"}
{"class":"TSStatic","__parent":"SimGroup_","position":[-101.641563,302.82373,603.29657],"allowPlayerStep":"1","isRenderEnabled":false,"mode":"Ignore","rotationMatrix":[-0.707106829,-0.707106709,0,0.707106709,-0.707106829,0,0,0,0.999999881],"scale":[7.95762968,3.50306535,1],"shapeName":"/art/ind_jumpramp_large.dae"}
{"class":"TSStatic","__parent":"SimGroup_","position":[-101.889107,96.7339096,603.29657],"allowPlayerStep":"1","isRenderEnabled":false,"mode":"Ignore","rotationMatrix":[0.707106709,-0.707106709,0,0.707106709,0.707106709,0,0,0,0.999999881],"scale":[7.95762968,3.50306535,1],"shapeName":"/art/ind_jumpramp_large.dae"}
{"class":"TSStatic","__parent":"SimGroup_","position":[0.136132181,333.088287,603.29657],"allowPlayerStep":"1","isRenderEnabled":false,"mode":"Ignore","rotationMatrix":[-0.999999881,8.74227695e-08,0,-8.74227695e-08,-0.999999881,0,0,0,0.999999881],"scale":[7.95762968,3.50306535,1],"shapeName":"/art/ind_jumpramp_large.dae"}
{"class":"TSStatic","__parent":"SimGroup_","position":[133.548386,201.088074,603.29657],"allowPlayerStep":"1","isRenderEnabled":false,"mode":"Ignore","rotationMatrix":[-8.74227695e-08,0.999999881,0,-0.999999881,-8.74227695e-08,0,0,0,0.999999881],"scale":[7.95762968,3.50306535,1],"shapeName":"/art/ind_jumpramp_large.dae"}
{"class":"TSStatic","__parent":"SimGroup_","position":[-139.989868,199.892471,603.29657],"allowPlayerStep":"1","isRenderEnabled":false,"mode":"Ignore","rotationMatrix":[-8.74227695e-08,-0.999999881,0,0.999999881,-8.74227695e-08,0,0,0,0.999999881],"scale":[7.95762968,3.50306535,1],"shapeName":"/art/ind_jumpramp_large.dae"}
{"class":"TSStatic","persistentId":"f29efcfb-3830-4d42-9abf-37ed92dde96d","__parent":"SimGroup_","position":[-168.459854,133.06015,609.177307],"allowPlayerStep":"1","isRenderEnabled":false,"mode":"Ignore","rotationMatrix":[-0.980406642,-0.196983099,2.30378646e-06,0.196983099,-0.980406642,1.30318003e-05,-3.08396579e-07,1.32302739e-05,1],"scale":[1.29678059,3.3060658,1],"shapeName":"/art/ind_platform_10x10.dae"}
{"class":"TSStatic","__parent":"SimGroup_","position":[45.0276871,372.725098,603.29657],"allowPlayerStep":"1","isRenderEnabled":false,"mode":"Ignore","rotationMatrix":[-0.343823701,-0.939034164,0,0.939034164,-0.343823701,0,0,0,0.999999881],"scale":[4.01169252,2.55411482,1],"shapeName":"/art/ind_jumpramp_large.dae"}
{"class":"TSStatic","__parent":"SimGroup_","position":[179.058716,240.577545,603.29657],"allowPlayerStep":"1","isRenderEnabled":false,"mode":"Ignore","rotationMatrix":[0.973274291,0.229645774,0,-0.229645774,0.973274291,0,0,0,1],"scale":[4.01169252,2.55411482,1],"shapeName":"/art/ind_jumpramp_large.dae"}
{"class":"TSStatic","__parent":"SimGroup_","position":[-174.358353,161.458755,603.29657],"allowPlayerStep":"1","isRenderEnabled":false,"mode":"Ignore","rotationMatrix":[-0.979207993,-0.202859089,0,0.202859089,-0.979207993,0,0,0,1],"scale":[4.01169252,2.55411482,1],"shapeName":"/art/ind_jumpramp_large.dae"}
{"class":"TSStatic","__parent":"SimGroup_","position":[-162.906693,105.094048,603.29657],"allowPlayerStep":"1","isRenderEnabled":false,"mode":"Ignore","rotationMatrix":[0.9799788,0.19910185,0,-0.19910185,0.9799788,0,0,0,1],"scale":[4.01169252,2.55411482,1],"shapeName":"/art/ind_jumpramp_large.dae"}
{"class":"TSStatic","__parent":"SimGroup_","position":[-97.4499283,46.9335632,603.29657],"allowPlayerStep":"1","isRenderEnabled":false,"mode":"Ignore","rotationMatrix":[-0.365888596,-0.930658937,0,0.930658937,-0.365888596,0,0,0,1],"scale":[4.01169252,2.55411482,1],"shapeName":"/art/ind_jumpramp_large.dae"}
{"class":"TSStatic","__parent":"SimGroup_","position":[-44.0030403,25.6838837,603.29657],"allowPlayerStep":"1","isRenderEnabled":false,"mode":"Ignore","rotationMatrix":[0.369455814,0.929248393,0,-0.929248393,0.369455814,0,0,0,1],"scale":[4.01169252,2.55411482,1],"shapeName":"/art/ind_jumpramp_large.dae"}
{"class":"TSStatic","__parent":"SimGroup_","position":[176.570923,154.733353,603.29657],"allowPlayerStep":"1","isRenderEnabled":false,"mode":"Ignore","rotationMatrix":[-0.934548497,0.355834991,0,-0.355834991,-0.934548497,0,0,0,1],"scale":[4.01169252,2.55411482,1],"shapeName":"/art/ind_jumpramp_large.dae"}
{"class":"TSStatic","__parent":"SimGroup_","position":[156.104645,100.98159,603.29657],"allowPlayerStep":"1","isRenderEnabled":false,"mode":"Ignore","rotationMatrix":[0.935906708,-0.352247983,0,0.352247983,0.935906708,0,0,0,1],"scale":[4.01169252,2.55411482,1],"shapeName":"/art/ind_jumpramp_large.dae"}
{"class":"TSStatic","__parent":"SimGroup_","position":[42.7157364,22.4075317,603.29657],"allowPlayerStep":"1","isRenderEnabled":false,"mode":"Ignore","rotationMatrix":[0.217149258,-0.976138175,0,0.976138175,0.217149258,0,0,0,1],"scale":[4.01169252,2.55411482,1],"shapeName":"/art/ind_jumpramp_large.dae"}
{"class":"TSStatic","__parent":"SimGroup_","position":[-171.734497,238.682388,603.29657],"allowPlayerStep":"1","isRenderEnabled":false,"mode":"Ignore","rotationMatrix":[0.943958998,-0.330062687,0,0.330062687,0.943958998,0,0,0,1],"scale":[4.01169252,2.55411482,1],"shapeName":"/art/ind_jumpramp_large.dae"}
{"class":"TSStatic","__parent":"SimGroup_","position":[-152.750549,292.975342,603.29657],"allowPlayerStep":"1","isRenderEnabled":false,"mode":"Ignore","rotationMatrix":[-0.945217729,0.326439828,0,-0.326439828,-0.945217729,0,0,0,1],"scale":[4.01169252,2.55411482,1],"shapeName":"/art/ind_jumpramp_large.dae"}
{"class":"TSStatic","__parent":"SimGroup_","position":[-97.3934097,360.819397,603.29657],"allowPlayerStep":"1","isRenderEnabled":false,"mode":"Ignore","rotationMatrix":[0.240124702,-0.970741928,0,0.970741928,0.240124702,0,0,0,1],"scale":[4.01169252,2.55411482,1],"shapeName":"/art/ind_jumpramp_large.dae"}
{"class":"TSStatic","__parent":"SimGroup_","position":[-41.5599747,374.630493,603.29657],"allowPlayerStep":"1","isRenderEnabled":false,"mode":"Ignore","rotationMatrix":[-0.24384582,0.969814003,0,-0.969814003,-0.24384582,0,0,0,1],"scale":[4.01169252,2.55411482,1],"shapeName":"/art/ind_jumpramp_large.dae"}
{"class":"TSStatic","__parent":"SimGroup_","position":[0.136108398,60.7786713,603.29657],"allowPlayerStep":"1","isRenderEnabled":false,"mode":"Ignore","rotationMatrix":[0.99999994,0,0,0,0.99999994,0,0,0,0.999999881],"scale":[7.95762968,3.50306535,1],"shapeName":"/art/ind_jumpramp_large.dae"}
{"class":"TSStatic","__parent":"SimGroup_","position":[99.0373917,352.949677,603.29657],"allowPlayerStep":"1","isRenderEnabled":false,"mode":"Ignore","rotationMatrix":[0.340219617,0.940345883,0,-0.940345883,0.340219617,0,0,0,1],"scale":[4.01169252,2.55411482,1],"shapeName":"/art/ind_jumpramp_large.dae"}
{"class":"TSStatic","__parent":"SimGroup_","position":[98.9070587,34.6817627,603.29657],"allowPlayerStep":"1","isRenderEnabled":false,"mode":"Ignore","rotationMatrix":[-0.213402987,0.976963878,0,-0.976963878,-0.213402987,0,0,0,1],"scale":[4.01169252,2.55411482,1],"shapeName":"/art/ind_jumpramp_large.dae"}
{"class":"TSStatic","__parent":"SimGroup_","position":[166.065109,296.606873,603.29657],"allowPlayerStep":"1","isRenderEnabled":false,"mode":"Ignore","rotationMatrix":[-0.974147677,-0.225911111,0,0.225911111,-0.974147677,0,0,0,1],"scale":[4.01169252,2.55411482,1],"shapeName":"/art/ind_jumpramp_large.dae"}
{"class":"TSStatic","__parent":"SimGroup_","position":[150,50,600],"collisionType":"Visible Mesh Final","decalType":"Visible Mesh Final","isRenderEnabled":false,"rotationMatrix":[0.707106709,0.707106709,0,-0.707106709,0.707106709,0,0,0,0.999999881],"scale":[4,4,4],"shapeName":"/art/castle.dae","useInstanceRenderData":true}
{"class":"TSStatic","__parent":"SimGroup_","position":[150,50,599.79541],"collisionType":"None","decalType":"None","isRenderEnabled":false,"rotationMatrix":[0.707106709,0.707106709,0,-0.707106709,0.707106709,0,0,0,0.999999881],"scale":[4,4,4],"shapeName":"/art/stones.dae","useInstanceRenderData":true}
{"class":"TSStatic","__parent":"SimGroup_","position":[150,350,600],"collisionType":"Visible Mesh Final","decalType":"Visible Mesh Final","isRenderEnabled":false,"rotationMatrix":[-0.819152057,0.573576331,0,-0.573576331,-0.819152057,0,0,0,0.999999881],"scale":[4,4,4],"shapeName":"/art/castle.dae","useInstanceRenderData":true}
{"class":"TSStatic","__parent":"SimGroup_","position":[150,350,599.79541],"collisionType":"None","decalType":"None","isRenderEnabled":false,"rotationMatrix":[-0.819152057,0.573576331,0,-0.573576331,-0.819152057,0,0,0,0.999999881],"scale":[4,4,4],"shapeName":"/art/stones.dae","useInstanceRenderData":true}
{"class":"TSStatic","__parent":"SimGroup_","position":[0,400,599.79541],"collisionType":"None","decalType":"None","isRenderEnabled":false,"rotationMatrix":[-0.999999881,8.74227695e-08,0,-8.74227695e-08,-0.999999881,0,0,0,0.999999881],"scale":[4,4,4],"shapeName":"/art/stones.dae","useInstanceRenderData":true}
{"class":"TSStatic","__parent":"SimGroup_","position":[0,400,600],"collisionType":"Visible Mesh Final","decalType":"Visible Mesh Final","isRenderEnabled":false,"rotationMatrix":[-0.999999881,8.74227695e-08,0,-8.74227695e-08,-0.999999881,0,0,0,0.999999881],"scale":[4,4,4],"shapeName":"/art/castle.dae","useInstanceRenderData":true}
{"class":"TSStatic","__parent":"SimGroup_","position":[200,200,600],"collisionType":"Visible Mesh Final","decalType":"Visible Mesh Final","isRenderEnabled":false,"rotationMatrix":[-8.74227695e-08,0.999999881,0,-0.999999881,-8.74227695e-08,0,0,0,0.999999881],"scale":[4,4,4],"shapeName":"/art/castle.dae","useInstanceRenderData":true}
{"class":"TSStatic","__parent":"SimGroup_","position":[200,200,599.79541],"collisionType":"None","decalType":"None","isRenderEnabled":false,"rotationMatrix":[-8.74227695e-08,0.999999881,0,-0.999999881,-8.74227695e-08,0,0,0,0.999999881],"scale":[4,4,4],"shapeName":"/art/stones.dae","useInstanceRenderData":true}
{"class":"TSStatic","__parent":"SimGroup_","position":[-150,350,599.79541],"collisionType":"None","decalType":"None","isRenderEnabled":false,"rotationMatrix":[-0.707106829,-0.707106709,0,0.707106709,-0.707106829,0,0,0,0.999999881],"scale":[4,4,4],"shapeName":"/art/stones.dae","useInstanceRenderData":true}
{"class":"TSStatic","__parent":"SimGroup_","position":[-150,350,600],"collisionType":"Visible Mesh Final","decalType":"Visible Mesh Final","isRenderEnabled":false,"rotationMatrix":[-0.707106829,-0.707106709,0,0.707106709,-0.707106829,0,0,0,0.999999881],"scale":[4,4,4],"shapeName":"/art/castle.dae","useInstanceRenderData":true}
{"class":"TSStatic","__parent":"SimGroup_","position":[-150,50,600],"collisionType":"Visible Mesh Final","decalType":"Visible Mesh Final","isRenderEnabled":false,"rotationMatrix":[0.707106709,-0.707106709,0,0.707106709,0.707106709,0,0,0,0.999999881],"scale":[4,4,4],"shapeName":"/art/castle.dae","useInstanceRenderData":true}
{"class":"TSStatic","__parent":"SimGroup_","position":[-150,50,599.79541],"collisionType":"None","decalType":"None","isRenderEnabled":false,"rotationMatrix":[0.707106709,-0.707106709,0,0.707106709,0.707106709,0,0,0,0.999999881],"scale":[4,4,4],"shapeName":"/art/stones.dae","useInstanceRenderData":true}
{"class":"TSStatic","__parent":"SimGroup_","position":[-200,200,599.79541],"collisionType":"None","decalType":"None","isRenderEnabled":false,"rotationMatrix":[-8.74227695e-08,-0.999999881,0,0.999999881,-8.74227695e-08,0,0,0,0.999999881],"scale":[4,4,4],"shapeName":"/art/stones.dae","useInstanceRenderData":true}
{"class":"TSStatic","__parent":"SimGroup_","position":[-200,200,600],"collisionType":"Visible Mesh Final","decalType":"Visible Mesh Final","isRenderEnabled":false,"rotationMatrix":[-8.74227695e-08,-0.999999881,0,0.999999881,-8.74227695e-08,0,0,0,0.999999881],"scale":[4,4,4],"shapeName":"/art/castle.dae","useInstanceRenderData":true}
{"class":"TSStatic","__parent":"SimGroup_","position":[0,0,599.79541],"collisionType":"None","decalType":"None","isRenderEnabled":false,"scale":[4,4,4],"shapeName":"/art/stones.dae","useInstanceRenderData":true}
