{"name":"outOfBoundTrigger","class":"BeamNGTrigger","persistentId":"cc107bde-ba15-4bee-adf0-6ededbcd5a92","__parent":"SimGroup_","position":[-109.753273,240.994339,553.813538],"luaFunction":"onSumoTrigger","rotationMatrix":[0.820796907,-0.5712201,0,0.5712201,0.820796907,0,0,0,1],"scale":[800,800,50],"triggerMode":"Overlaps","triggerTestType":"Bounding box"}
{"name":"SimGroup_","class":"SimGroup","groupPosition":"0 0 0"}
{"class":"TSStatic","persistentId":"93c85593-f34a-464e-ae44-645959bea920","__parent":"SimGroup_","position":[-154.146484,375.76236,597.058228],"allowPlayerStep":"1","isRenderEnabled":false,"mode":"Ignore","rotationMatrix":[-0.00196063519,-0.999998093,0,0.999998093,-0.00196063519,0,0,0,1],"scale":[10,1.5,4],"shapeName":"/art/ind_jumpramp_large.dae"}
{"class":"TSStatic","persistentId":"7476a39b-0d9f-4e5c-8ae7-2302bb433b2a","__parent":"SimGroup_","position":[-240.854523,203.36618,597.109619],"allowPlayerStep":"1","isRenderEnabled":false,"mode":"Ignore","rotationMatrix":[-0.999997854,0.001960936,0,-0.001960936,-0.999997854,0,0,0,1],"scale":[10,1.5,4],"shapeName":"/art/ind_jumpramp_large.dae"}
{"class":"TSStatic","persistentId":"71d7e79e-2ec9-455d-b31b-dc1b16821676","__parent":"SimGroup_","position":[-63.0233231,375.011383,597.058228],"allowPlayerStep":"1","isRenderEnabled":false,"mode":"Ignore","rotationMatrix":[-0.00196063519,-0.999998093,0,0.999998093,-0.00196063519,0,0,0,1],"scale":[10,1.5,4],"shapeName":"/art/ind_jumpramp_large.dae"}
{"class":"TSStatic","persistentId":"227d6d7c-51e0-4b2c-a090-4e7c54a323c9","__parent":"SimGroup_","position":[2.50402856,240.307129,585.392578],"allowPlayerStep":"1","isRenderEnabled":false,"mode":"Ignore","rotationMatrix":[0.999976516,-0.00684971362,0,0.00684971362,0.999976516,0,0,0,1],"scale":[2,1,1],"shapeName":"/art/ind_platform_10x10.dae"}
{"name":"target2","class":"TSStatic","persistentId":"4d1cc920-89da-4ed5-9066-5fab56263ded","__parent":"SimGroup_","position":[-239.598907,333.25119,585.588013],"collisionType":"Visible Mesh Final","decalType":"Visible Mesh Final","isRenderEnabled":false,"mode":"Ignore","rotationMatrix":[-0.579057217,-0.815287173,-1.16415322e-10,0.815286934,-0.579056978,-0.000690534129,0.000562983449,-0.000399858691,0.999999762],"scale":[5,5,2],"shapeName":"/art/target.dae"}
{"class":"TSStatic","persistentId":"29e96cd5-763f-4169-9a51-3f2c421274ad","__parent":"SimGroup_","position":[36.7440262,279.716644,596.953613],"allowPlayerStep":"1","isRenderEnabled":false,"mode":"Ignore","rotationMatrix":[0.999998093,-0.00196113624,0,0.00196113624,0.999998093,0,0,0,1],"scale":[10,1.5,4],"shapeName":"/art/ind_jumpramp_large.dae"}
{"class":"TSStatic","persistentId":"4876e004-243c-4023-8f20-e751f46e3d0e","__parent":"SimGroup_","position":[-103.626183,200.043381,584.913879],"allowPlayerStep":"1","isRenderEnabled":false,"mode":"Ignore","rotationMatrix":[0.00690066814,0.999976099,0,-0.999976099,0.00690066814,0,0,0,1],"scale":[3,5,5],"shapeName":"/art/ind_platform_10x5_tilt.dae"}
{"class":"TSStatic","persistentId":"2d89866f-f808-494f-b4d5-5fb0e92f724e","__parent":"SimGroup_","position":[-3.74435949,141.290741,585.392578],"allowPlayerStep":"1","isRenderEnabled":false,"mode":"Ignore","rotationMatrix":[0.999976516,-0.00684971362,0,0.00684971362,0.999976516,0,0,0,1],"scale":[5,5,1],"shapeName":"/art/ind_platform_10x10.dae"}
{"class":"TSStatic","persistentId":"43867a66-bf7c-44a8-9404-12c99a1da7cc","__parent":"SimGroup_","position":[-207.463135,241.7453,585.392578],"allowPlayerStep":"1","isRenderEnabled":false,"mode":"Ignore","rotationMatrix":[0.999976516,-0.00684971362,0,0.00684971362,0.999976516,0,0,0,1],"scale":[2,1,1],"shapeName":"/art/ind_platform_10x10.dae"}
{"class":"TSStatic","persistentId":"2da36824-6fb7-412e-846a-ad85ddadbd90","__parent":"SimGroup_","position":[-240.673187,295.810211,597.109619],"allowPlayerStep":"1","isRenderEnabled":false,"mode":"Ignore","rotationMatrix":[-0.999997854,0.001960936,0,-0.001960936,-0.999997854,0,0,0,1],"scale":[10,1.5,4],"shapeName":"/art/ind_jumpramp_large.dae"}
{"class":"TSStatic","persistentId":"419b55ce-6e29-4fc7-9ea7-0edf648113a4","__parent":"SimGroup_","position":[-147.183929,241.511002,584.913879],"allowPlayerStep":"1","isRenderEnabled":false,"mode":"Ignore","rotationMatrix":[0.999976218,-0.00690067513,0,0.00690067513,0.999976218,0,0,0,1],"scale":[3,5,5],"shapeName":"/art/ind_platform_10x5_tilt.dae"}
{"name":"target16","class":"TSStatic","persistentId":"3e8bb07d-251e-4bc9-9b5e-6ff4a8b93619","__parent":"SimGroup_","position":[-104.336922,241.94519,585.512207],"collisionType":"Visible Mesh Final","decalType":"Visible Mesh Final","isRenderEnabled":false,"mode":"Ignore","rotationMatrix":[-0.579057217,-0.815287173,-1.16415322e-10,0.815286934,-0.579056978,-0.000690534129,0.000562983449,-0.000399858691,0.999999762],"scale":[5,5,2],"shapeName":"/art/target.dae"}
{"name":"target3","class":"TSStatic","persistentId":"249ed2f5-d749-48b4-98fe-6a9db50df2cd","__parent":"SimGroup_","position":[-239.780304,240.807281,585.588013],"collisionType":"Visible Mesh Final","decalType":"Visible Mesh Final","isRenderEnabled":false,"mode":"Ignore","rotationMatrix":[-0.579057217,-0.815287173,-1.16415322e-10,0.815286934,-0.579056978,-0.000690534129,0.000562983449,-0.000399858691,0.999999762],"scale":[5,5,2],"shapeName":"/art/target.dae"}
{"name":"target6","class":"TSStatic","persistentId":"2cc6dfad-c2c1-4f67-9599-8872125c8390","__parent":"SimGroup_","position":[-107.352379,104.823029,585.407471],"collisionType":"Visible Mesh Final","decalType":"Visible Mesh Final","isRenderEnabled":false,"mode":"Ignore","rotationMatrix":[-0.579057217,-0.815287173,-1.16415322e-10,0.815286934,-0.579056978,-0.000690534129,0.000562983449,-0.000399858691,0.999999762],"scale":[5,5,2],"shapeName":"/art/target.dae"}
{"class":"TSStatic","persistentId":"38b6ca25-7c10-4df2-808f-0a9128af466b","__parent":"SimGroup_","position":[-103.055687,282.71347,584.913879],"allowPlayerStep":"1","isRenderEnabled":false,"mode":"Ignore","rotationMatrix":[-0.00689959526,-0.999976099,0,0.999976099,-0.00689959526,0,0,0,1],"scale":[3,5,5],"shapeName":"/art/ind_platform_10x5_tilt.dae"}
{"class":"TSStatic","persistentId":"b1760c93-f6cc-4982-b566-a97189319212","__parent":"SimGroup_","position":[-69.2551498,104.405884,596.953613],"allowPlayerStep":"1","isRenderEnabled":false,"mode":"Ignore","rotationMatrix":[-0.00196063519,-0.999998093,0,0.999998093,-0.00196063519,0,0,0,1],"scale":[10,1.5,4],"shapeName":"/art/ind_jumpramp_large.dae"}
{"class":"TSStatic","persistentId":"a5d587f2-362a-41a8-a11e-29679d5fea8e","__parent":"SimGroup_","position":[36.1032028,295.011871,596.953613],"allowPlayerStep":"1","isRenderEnabled":false,"mode":"Ignore","rotationMatrix":[-0.999997854,0.001960936,0,-0.001960936,-0.999997854,0,0,0,1],"scale":[10,1.5,4],"shapeName":"/art/ind_jumpramp_large.dae"}
{"class":"TSStatic","persistentId":"fc469880-5efa-4d90-97a6-8e15c4a90a8e","__parent":"SimGroup_","position":[-240.032288,280.515045,597.109619],"allowPlayerStep":"1","isRenderEnabled":false,"mode":"Ignore","rotationMatrix":[0.999998093,-0.00196113624,0,0.00196113624,0.999998093,0,0,0,1],"scale":[10,1.5,4],"shapeName":"/art/ind_jumpramp_large.dae"}
{"class":"TSStatic","persistentId":"fc43f146-a0d2-4b7a-9402-5c668f72fc58","__parent":"SimGroup_","position":[-201.459045,343.442719,585.392578],"allowPlayerStep":"1","isRenderEnabled":false,"mode":"Ignore","rotationMatrix":[0.999976516,-0.00684971362,0,0.00684971362,0.999976516,0,0,0,1],"scale":[5,5,1],"shapeName":"/art/ind_platform_10x10.dae"}
{"name":"target12","class":"TSStatic","persistentId":"fabad211-790a-4dac-b688-3325ec0d4f5c","__parent":"SimGroup_","position":[-9.99693489,374.677826,585.512146],"collisionType":"Visible Mesh Final","decalType":"Visible Mesh Final","isRenderEnabled":false,"mode":"Ignore","rotationMatrix":[-0.579057217,-0.815287173,-1.16415322e-10,0.815286934,-0.579056978,-0.000690534129,0.000562983449,-0.000399858691,0.999999762],"scale":[5,5,2],"shapeName":"/art/target.dae"}
{"class":"TSStatic","persistentId":"f9d97cc2-3815-4bdd-97ef-8ade66c48ad4","__parent":"SimGroup_","position":[-145.087402,105.726044,596.953613],"allowPlayerStep":"1","isRenderEnabled":false,"mode":"Ignore","rotationMatrix":[0.0019621253,0.999997973,0,-0.999997973,0.0019621253,0,0,0,1],"scale":[10,1.5,4],"shapeName":"/art/ind_jumpramp_large.dae"}
{"class":"TSStatic","persistentId":"194dc187-08f2-477e-895f-7ca63a45eb90","__parent":"SimGroup_","position":[-138.855438,376.331696,597.058228],"allowPlayerStep":"1","isRenderEnabled":false,"mode":"Ignore","rotationMatrix":[0.0019621253,0.999997973,0,-0.999997973,0.0019621253,0,0,0,1],"scale":[10,1.5,4],"shapeName":"/art/ind_jumpramp_large.dae"}
{"class":"TSStatic","persistentId":"f99f4295-fd55-462e-92e3-edb384ab430b","__parent":"SimGroup_","position":[-62.2403564,240.92482,584.913879],"allowPlayerStep":"1","isRenderEnabled":false,"mode":"Ignore","rotationMatrix":[-0.999976158,0.00690057687,0,-0.00690057687,-0.999976158,0,0,0,1],"scale":[3,5,5],"shapeName":"/art/ind_platform_10x5_tilt.dae"}
{"class":"TSStatic","persistentId":"10c9e839-2cd4-43df-81fc-4a94d2776f46","__parent":"SimGroup_","position":[-53.021244,290.657074,585.392578],"allowPlayerStep":"1","isRenderEnabled":false,"mode":"Ignore","rotationMatrix":[0.999976516,-0.00684971362,0,0.00684971362,0.999976516,0,0,0,1],"scale":[10,10,1],"shapeName":"/art/ind_platform_10x10.dae"}
{"name":"target11","class":"TSStatic","persistentId":"e594192b-ca19-4425-b45f-8a42918fb153","__parent":"SimGroup_","position":[-189.643646,375.94101,585.562195],"collisionType":"Visible Mesh Final","decalType":"Visible Mesh Final","isRenderEnabled":false,"mode":"Ignore","rotationMatrix":[-0.579057217,-0.815287173,-1.16415322e-10,0.815286934,-0.579056978,-0.000690534129,0.000562983449,-0.000399858691,0.999999762],"scale":[5,5,2],"shapeName":"/art/target.dae"}
{"name":"target4","class":"TSStatic","persistentId":"e7cdce28-2db7-411c-bcdb-70896a574953","__parent":"SimGroup_","position":[-242.947449,150.315536,585.553528],"collisionType":"Visible Mesh Final","decalType":"Visible Mesh Final","isRenderEnabled":false,"mode":"Ignore","rotationMatrix":[-0.579057217,-0.815287173,-1.16415322e-10,0.815286934,-0.579056978,-0.000690534129,0.000562983449,-0.000399858691,0.999999762],"scale":[5,5,2],"shapeName":"/art/target.dae"}
{"name":"target7","class":"TSStatic","persistentId":"f16f3e1b-3c18-4075-ae69-54da096af927","__parent":"SimGroup_","position":[-195.875671,105.335365,585.45752],"collisionType":"Visible Mesh Final","decalType":"Visible Mesh Final","isRenderEnabled":false,"mode":"Ignore","rotationMatrix":[-0.579057217,-0.815287173,-1.16415322e-10,0.815286934,-0.579056978,-0.000690534129,0.000562983449,-0.000399858691,0.999999762],"scale":[5,5,2],"shapeName":"/art/target.dae"}
{"class":"TSStatic","persistentId":"0f735268-11d7-4f18-86cc-d2b8aba50d38","__parent":"SimGroup_","position":[-240.213654,188.070984,597.109619],"allowPlayerStep":"1","isRenderEnabled":false,"mode":"Ignore","rotationMatrix":[0.999998093,-0.00196113624,0,0.00196113624,0.999998093,0,0,0,1],"scale":[10,1.5,4],"shapeName":"/art/ind_jumpramp_large.dae"}
{"class":"TSStatic","persistentId":"09f2b095-9185-4774-bae0-3a4eb7b0fbe9","__parent":"SimGroup_","position":[-107.075478,137.461273,585.392578],"allowPlayerStep":"1","isRenderEnabled":false,"mode":"Ignore","rotationMatrix":[0.999976516,-0.00684971362,0,0.00684971362,0.999976516,0,0,0,1],"scale":[1,2,1],"shapeName":"/art/ind_platform_10x10.dae"}
{"class":"TSStatic","persistentId":"09adee7e-721f-4901-8a3f-aa8f5a279d04","__parent":"SimGroup_","position":[36.5626678,187.272583,596.953613],"allowPlayerStep":"1","isRenderEnabled":false,"mode":"Ignore","rotationMatrix":[0.999998093,-0.00196113624,0,0.00196113624,0.999998093,0,0,0,1],"scale":[10,1.5,4],"shapeName":"/art/ind_jumpramp_large.dae"}
{"class":"TSStatic","persistentId":"dcadc45e-154f-40f6-856c-60fbdecc5505","__parent":"SimGroup_","position":[-53.9641151,104.975273,596.953613],"allowPlayerStep":"1","isRenderEnabled":false,"mode":"Ignore","rotationMatrix":[0.0019621253,0.999997973,0,-0.999997973,0.0019621253,0,0,0,1],"scale":[10,1.5,4],"shapeName":"/art/ind_jumpramp_large.dae"}
{"name":"target9","class":"TSStatic","persistentId":"0988ca77-eed3-44d1-bbb6-a27a08c297c7","__parent":"SimGroup_","position":[33.8288422,149.517151,585.397461],"collisionType":"Visible Mesh Final","decalType":"Visible Mesh Final","isRenderEnabled":false,"mode":"Ignore","rotationMatrix":[-0.579057217,-0.815287173,-1.16415322e-10,0.815286934,-0.579056978,-0.000690534129,0.000562983449,-0.000399858691,0.999999762],"scale":[5,5,2],"shapeName":"/art/target.dae"}
{"class":"TSStatic","persistentId":"d4b17198-e801-4bcb-8c6a-5ad616a65486","__parent":"SimGroup_","position":[35.9218597,202.567841,596.953613],"allowPlayerStep":"1","isRenderEnabled":false,"mode":"Ignore","rotationMatrix":[-0.999997854,0.001960936,0,-0.001960936,-0.999997854,0,0,0,1],"scale":[10,1.5,4],"shapeName":"/art/ind_jumpramp_large.dae"}
{"class":"TSStatic","persistentId":"0774f73e-9251-4539-b181-675787ed5f49","__parent":"SimGroup_","position":[-160.378448,105.156662,596.953613],"allowPlayerStep":"1","isRenderEnabled":false,"mode":"Ignore","rotationMatrix":[-0.00196063519,-0.999998093,0,0.999998093,-0.00196063519,0,0,0,1],"scale":[10,1.5,4],"shapeName":"/art/ind_jumpramp_large.dae"}
{"class":"TSStatic","persistentId":"c21d68b4-737f-4ea9-9b16-82abd11a7fa9","__parent":"SimGroup_","position":[-204.194214,142.968002,585.392578],"allowPlayerStep":"1","isRenderEnabled":false,"mode":"Ignore","rotationMatrix":[0.999976516,-0.00684971362,0,0.00684971362,0.999976516,0,0,0,1],"scale":[5,5,1],"shapeName":"/art/ind_platform_10x10.dae"}
{"class":"TSStatic","persistentId":"037ac442-c563-4025-ab79-21eb2202ea58","__parent":"SimGroup_","position":[-47.732193,375.580841,597.058228],"allowPlayerStep":"1","isRenderEnabled":false,"mode":"Ignore","rotationMatrix":[0.0019621253,0.999997973,0,-0.999997973,0.0019621253,0,0,0,1],"scale":[10,1.5,4],"shapeName":"/art/ind_jumpramp_large.dae"}
{"name":"target1","class":"TSStatic","persistentId":"9ce49d85-b28b-46ae-870f-ac35c931df0a","__parent":"SimGroup_","position":[37.1773567,332.452911,585.431946],"collisionType":"Visible Mesh Final","decalType":"Visible Mesh Final","isRenderEnabled":false,"mode":"Ignore","rotationMatrix":[-0.579057217,-0.815287173,-1.16415322e-10,0.815286934,-0.579056978,-0.000690534129,0.000562983449,-0.000399858691,0.999999762],"scale":[5,5,2],"shapeName":"/art/target.dae"}
{"name":"target5","class":"TSStatic","persistentId":"badc9332-52a1-4ccf-9abd-71dc49da6a8a","__parent":"SimGroup_","position":[-16.2288284,104.072243,585.407471],"collisionType":"Visible Mesh Final","decalType":"Visible Mesh Final","isRenderEnabled":false,"mode":"Ignore","rotationMatrix":[-0.579057217,-0.815287173,-1.16415322e-10,0.815286934,-0.579056978,-0.000690534129,0.000562983449,-0.000399858691,0.999999762],"scale":[5,5,2],"shapeName":"/art/target.dae"}
{"class":"TSStatic","persistentId":"9c2150dd-1870-49ed-a9c3-c1ba2b7d6ab3","__parent":"SimGroup_","position":[-2.37567472,340.165741,585.392578],"allowPlayerStep":"1","isRenderEnabled":false,"mode":"Ignore","rotationMatrix":[0.999976516,-0.00684971362,0,0.00684971362,0.999976516,0,0,0,1],"scale":[5,5,1],"shapeName":"/art/ind_platform_10x10.dae"}
{"class":"TSStatic","persistentId":"939ee7a4-7f1a-4643-b04d-cc688ca88045","__parent":"SimGroup_","position":[-152.419312,291.33786,585.392578],"allowPlayerStep":"1","isRenderEnabled":false,"mode":"Ignore","rotationMatrix":[0.999976516,-0.00684971362,0,0.00684971362,0.999976516,0,0,0,1],"scale":[10,10,1],"shapeName":"/art/ind_platform_10x10.dae"}
{"class":"TSStatic","persistentId":"912b53ca-d706-431e-9c4f-da42be0ee068","__parent":"SimGroup_","position":[-53.6997185,191.623474,585.392578],"allowPlayerStep":"1","isRenderEnabled":false,"mode":"Ignore","rotationMatrix":[0.999976516,-0.00684971362,0,0.00684971362,0.999976516,0,0,0,1],"scale":[10,10,1],"shapeName":"/art/ind_platform_10x10.dae"}
{"name":"target10","class":"TSStatic","persistentId":"7a84684e-120a-465d-97ef-e67b5650c697","__parent":"SimGroup_","position":[36.9960632,240.008957,585.431946],"collisionType":"Visible Mesh Final","decalType":"Visible Mesh Final","isRenderEnabled":false,"mode":"Ignore","rotationMatrix":[-0.579057217,-0.815287173,-1.16415322e-10,0.815286934,-0.579056978,-0.000690534129,0.000562983449,-0.000399858691,0.999999762],"scale":[5,5,2],"shapeName":"/art/target.dae"}
{"name":"target8","class":"TSStatic","persistentId":"840e9403-f50c-4853-b233-67159f098388","__parent":"SimGroup_","position":[-101.120377,375.428741,585.512146],"collisionType":"Visible Mesh Final","decalType":"Visible Mesh Final","isRenderEnabled":false,"mode":"Ignore","rotationMatrix":[-0.579057217,-0.815287173,-1.16415322e-10,0.815286934,-0.579056978,-0.000690534129,0.000562983449,-0.000399858691,0.999999762],"scale":[5,5,2],"shapeName":"/art/target.dae"}
{"class":"TSStatic","persistentId":"784b4469-656d-4087-b1ed-d0f0c2fa860c","__parent":"SimGroup_","position":[-101.163254,344.964935,585.392578],"allowPlayerStep":"1","isRenderEnabled":false,"mode":"Ignore","rotationMatrix":[0.999976516,-0.00684971362,0,0.00684971362,0.999976516,0,0,0,1],"shapeName":"/art/ind_platform_10x10.dae"}
{"class":"TSStatic","persistentId":"7741940c-fc27-42fd-a9f0-1f1cd27725e2","__parent":"SimGroup_","position":[-153.09729,192.36203,585.392578],"allowPlayerStep":"1","isRenderEnabled":false,"mode":"Ignore","rotationMatrix":[0.999976516,-0.00684971362,0,0.00684971362,0.999976516,0,0,0,1],"scale":[10,10,1],"shapeName":"/art/ind_platform_10x10.dae"}
