{"name":"outOfBoundTrigger","class":"BeamNGTrigger","persistentId":"cc107bde-ba15-4bee-adf0-6ededbcd5a92","__parent":"SimGroup_","position":[-109.765671,240.3479,365.275085],"luaFunction":"onSumoTrigger","scale":[400,400,50],"triggerMode":"Overlaps","triggerTestType":"Bounding box"}
{"name":"SimGroup_","class":"SimGroup","groupPosition":"0 0 0"}
{"class":"TSStatic","persistentId":"481f8ad4-214c-4da5-a85a-775bc0fc2069","__parent":"SimGroup_","position":[-60,240.497208,397.713013],"instanceColor":[0.73760426,0.11037758,0.11037758,1],"instanceColor1":[0.246827006,0.112496778,0.112496778,1],"instanceColor2":[0,0,0,1],"isRenderEnabled":false,"rotationMatrix":[0.99999994,0,0,0,0.99999994,0,0,0,0.999999881],"scale":[6.25,25,1],"shapeName":"/art/buildingblock_concrete.dae","useInstanceRenderData":true}
{"class":"TSStatic","persistentId":"51ca2b51-6978-4599-8c9c-c991d90241dd","__parent":"SimGroup_","position":[-85.1576996,290.109985,404.255005],"instanceColor":[0.73760426,0.11037758,0.11037758,1],"instanceColor1":[0.246827006,0.112496778,0.112496778,1],"instanceColor2":[0,0,0,1],"isRenderEnabled":false,"rotationMatrix":[-0.984807789,-8.74227695e-08,0.173647657,8.60946372e-08,-0.999999881,-1.51807615e-08,0.173647657,0,0.984807789],"scale":[6.25,25,1],"shapeName":"/art/buildingblock_concrete.dae","useInstanceRenderData":true}
{"class":"TSStatic","persistentId":"69b2f4ab-9670-4b13-a12c-0d3dd3762113","__parent":"SimGroup_","position":[-109.620003,265.654999,404.255005],"instanceColor":[0.73760426,0.11037758,0.11037758,1],"instanceColor1":[0.246827006,0.112496778,0.112496778,1],"instanceColor2":[0,0,0,1],"isRenderEnabled":false,"rotationMatrix":[-0.999999881,1.4870183e-07,2.62201443e-08,-1.50995788e-07,-0.98480767,-0.173648164,0,-0.173648179,0.98480767],"scale":[6.25,25,1],"shapeName":"/art/buildingblock_concrete.dae","useInstanceRenderData":true}
{"class":"TSStatic","persistentId":"9165dd77-603f-4ff5-b413-8433f8edff2c","__parent":"SimGroup_","position":[-109.620003,240.496994,402.054993],"instanceColor":[0.73760426,0.11037758,0.11037758,1],"instanceColor1":[0.246827006,0.112496778,0.112496778,1],"instanceColor2":[0,0,0,1],"isRenderEnabled":false,"rotationMatrix":[0.99999994,0,0,0,0.99999994,0,0,0,0.999999881],"scale":[6.25,25,1],"shapeName":"/art/buildingblock_concrete.dae","useInstanceRenderData":true}
{"class":"TSStatic","persistentId":"b8109c23-329e-4210-8efc-b8c62f254af7","__parent":"SimGroup_","position":[-60,265.654999,399.91449],"instanceColor":[0.73760426,0.11037758,0.11037758,1],"instanceColor1":[0.246827006,0.112496778,0.112496778,1],"instanceColor2":[0,0,0,1],"isRenderEnabled":false,"rotationMatrix":[-0.999999881,8.6094623e-08,1.51808042e-08,-8.74227695e-08,-0.98480767,-0.173648164,0,-0.173648179,0.98480767],"scale":[6.25,25,1],"shapeName":"/art/buildingblock_concrete.dae","useInstanceRenderData":true}
{"class":"TSStatic","persistentId":"b8a25541-44c8-464e-a3b1-426ec1823c6d","__parent":"SimGroup_","position":[-60,290.116394,402.054779],"instanceColor":[0.73760426,0.11037758,0.11037758,1],"instanceColor1":[0.246827006,0.112496778,0.112496778,1],"instanceColor2":[0,0,0,1],"isRenderEnabled":false,"rotationMatrix":[0.99999994,0,0,0,0.99999994,0,0,0,0.999999881],"scale":[6.25,25,1],"shapeName":"/art/buildingblock_concrete.dae","useInstanceRenderData":true}
{"class":"TSStatic","persistentId":"f83b0df9-42b0-4c3e-a6df-5bc76b92a97d","__parent":"SimGroup_","position":[-85.1579971,240.496994,399.91449],"instanceColor":[0.73760426,0.11037758,0.11037758,1],"instanceColor1":[0.246827006,0.112496778,0.112496778,1],"instanceColor2":[0,0,0,1],"isRenderEnabled":false,"rotationMatrix":[-0.984807789,-8.74227695e-08,0.173647657,8.60946372e-08,-0.999999881,-1.51807615e-08,0.173647657,0,0.984807789],"scale":[6.25,25,1],"shapeName":"/art/buildingblock_concrete.dae","useInstanceRenderData":true}
{"class":"TSStatic","persistentId":"fdab766e-94c2-4119-b841-c1b84a45ea39","__parent":"SimGroup_","position":[-109.620003,290.109985,406.394989],"instanceColor":[0.73760426,0.11037758,0.11037758,1],"instanceColor1":[0.246827006,0.112496778,0.112496778,1],"instanceColor2":[0,0,0,1],"isRenderEnabled":false,"rotationMatrix":[0.99999994,0,0,0,0.99999994,0,0,0,0.999999881],"scale":[6.25,25,1],"shapeName":"/art/buildingblock_concrete.dae","useInstanceRenderData":true}
{"class":"TSStatic","__parent":"SimGroup_","position":[-134.089417,240.496994,399.914001],"instanceColor":[0.73760426,0.11037758,0.11037758,1],"instanceColor1":[0.246827006,0.112496778,0.112496778,1],"instanceColor2":[0,0,0,1],"isRenderEnabled":false,"rotationMatrix":[0.984808207,0,0.17364569,0,0.99999994,0,-0.173645675,0,0.984808147],"scale":[6.25,25,1],"shapeName":"/art/buildingblock_concrete.dae","useInstanceRenderData":true}
{"class":"TSStatic","__parent":"SimGroup_","position":[-159.24884,240.496994,397.713013],"instanceColor":[0.73760426,0.11037758,0.11037758,1],"instanceColor1":[0.246827006,0.112496778,0.112496778,1],"instanceColor2":[0,0,0,1],"isRenderEnabled":false,"rotationMatrix":[-0.999999881,8.74227695e-08,0,-8.74227695e-08,-0.999999881,0,0,0,0.999999881],"scale":[6.25,25,1],"shapeName":"/art/buildingblock_concrete.dae","useInstanceRenderData":true}
{"class":"TSStatic","__parent":"SimGroup_","position":[-159.248413,215.339005,399.914001],"instanceColor":[0.73760426,0.11037758,0.11037758,1],"instanceColor1":[0.246827006,0.112496778,0.112496778,1],"instanceColor2":[0,0,0,1],"isRenderEnabled":false,"rotationMatrix":[0.99999994,0,0,0,0.984808087,-0.173646122,0,0.173646137,0.984808028],"scale":[6.25,25,1],"shapeName":"/art/buildingblock_concrete.dae","useInstanceRenderData":true}
{"class":"TSStatic","__parent":"SimGroup_","position":[-159.248413,190.878006,402.054993],"instanceColor":[0.73760426,0.11037758,0.11037758,1],"instanceColor1":[0.246827006,0.112496778,0.112496778,1],"instanceColor2":[0,0,0,1],"isRenderEnabled":false,"rotationMatrix":[-0.999999881,8.74227695e-08,0,-8.74227695e-08,-0.999999881,0,0,0,0.999999881],"scale":[6.25,25,1],"shapeName":"/art/buildingblock_concrete.dae","useInstanceRenderData":true}
{"class":"TSStatic","__parent":"SimGroup_","position":[-134.089417,190.878006,404.255005],"instanceColor":[0.73760426,0.11037758,0.11037758,1],"instanceColor1":[0.246827006,0.112496778,0.112496778,1],"instanceColor2":[0,0,0,1],"isRenderEnabled":false,"rotationMatrix":[0.984808207,0,0.17364569,0,0.99999994,0,-0.173645675,0,0.984808147],"scale":[6.25,25,1],"shapeName":"/art/buildingblock_concrete.dae","useInstanceRenderData":true}
{"class":"TSStatic","__parent":"SimGroup_","position":[-109.620003,190.878006,406.394989],"instanceColor":[0.73760426,0.11037758,0.11037758,1],"instanceColor1":[0.246827006,0.112496778,0.112496778,1],"instanceColor2":[0,0,0,1],"isRenderEnabled":false,"rotationMatrix":[-0.999999881,8.74227695e-08,0,-8.74227695e-08,-0.999999881,0,0,0,0.999999881],"scale":[6.25,25,1],"shapeName":"/art/buildingblock_concrete.dae","useInstanceRenderData":true}
{"class":"TSStatic","__parent":"SimGroup_","position":[-109.620003,215.339005,404.255005],"instanceColor":[0.73760426,0.11037758,0.11037758,1],"instanceColor1":[0.246827006,0.112496778,0.112496778,1],"instanceColor2":[0,0,0,1],"isRenderEnabled":false,"rotationMatrix":[0.99999994,0,0,0,0.984808087,-0.173646122,0,0.173646137,0.984808028],"scale":[6.25,25,1],"shapeName":"/art/buildingblock_concrete.dae","useInstanceRenderData":true}
{"class":"TSStatic","__parent":"SimGroup_","position":[-85.1576996,190.878006,404.255005],"instanceColor":[0.73760426,0.11037758,0.11037758,1],"instanceColor1":[0.246827006,0.112496778,0.112496778,1],"instanceColor2":[0,0,0,1],"isRenderEnabled":false,"rotationMatrix":[-0.984807789,-8.74227695e-08,0.173647657,8.60946372e-08,-0.999999881,-1.51807615e-08,0.173647657,0,0.984807789],"scale":[6.25,25,1],"shapeName":"/art/buildingblock_concrete.dae","useInstanceRenderData":true}
{"class":"TSStatic","__parent":"SimGroup_","position":[-60,190.878006,402.054779],"instanceColor":[0.73760426,0.11037758,0.11037758,1],"instanceColor1":[0.246827006,0.112496778,0.112496778,1],"instanceColor2":[0,0,0,1],"isRenderEnabled":false,"rotationMatrix":[0.99999994,0,0,0,0.99999994,0,0,0,0.999999881],"scale":[6.25,25,1],"shapeName":"/art/buildingblock_concrete.dae","useInstanceRenderData":true}
{"class":"TSStatic","__parent":"SimGroup_","position":[-60,215.339005,399.914001],"instanceColor":[0.73760426,0.11037758,0.11037758,1],"instanceColor1":[0.246827006,0.112496778,0.112496778,1],"instanceColor2":[0,0,0,1],"isRenderEnabled":false,"rotationMatrix":[0.99999994,0,0,0,0.984808087,-0.173646122,0,0.173646137,0.984808028],"scale":[6.25,25,1],"shapeName":"/art/buildingblock_concrete.dae","useInstanceRenderData":true}
{"class":"TSStatic","__parent":"SimGroup_","position":[-134.089417,290.109985,404.255005],"instanceColor":[0.73760426,0.11037758,0.11037758,1],"instanceColor1":[0.246827006,0.112496778,0.112496778,1],"instanceColor2":[0,0,0,1],"isRenderEnabled":false,"rotationMatrix":[0.984808207,0,0.17364569,0,0.99999994,0,-0.173645675,0,0.984808147],"scale":[6.25,25,1],"shapeName":"/art/buildingblock_concrete.dae","useInstanceRenderData":true}
{"class":"TSStatic","__parent":"SimGroup_","position":[-159.248413,290.109985,402.054993],"instanceColor":[0.73760426,0.11037758,0.11037758,1],"instanceColor1":[0.246827006,0.112496778,0.112496778,1],"instanceColor2":[0,0,0,1],"isRenderEnabled":false,"rotationMatrix":[-0.999999881,8.74227695e-08,0,-8.74227695e-08,-0.999999881,0,0,0,0.999999881],"scale":[6.25,25,1],"shapeName":"/art/buildingblock_concrete.dae","useInstanceRenderData":true}
{"class":"TSStatic","__parent":"SimGroup_","position":[-159.248001,265.654999,399.91449],"instanceColor":[0.73760426,0.11037758,0.11037758,1],"instanceColor1":[0.246827006,0.112496778,0.112496778,1],"instanceColor2":[0,0,0,1],"isRenderEnabled":false,"rotationMatrix":[-0.999999881,8.6094623e-08,1.51808042e-08,-8.74227695e-08,-0.98480767,-0.173648164,0,-0.173648179,0.98480767],"scale":[6.25,25,1],"shapeName":"/art/buildingblock_concrete.dae","useInstanceRenderData":true}
