{"name":"outOfBoundTrigger","class":"BeamNGTrigger","persistentId":"e51cfab6-789e-4905-a732-917b364557eb","__parent":"SimGroup_","position":[209.265564,426.248474,367.532867],"luaFunction":"onSumoTrigger","scale":[400,400,50],"triggerMode":"Overlaps","triggerTestType":"Bounding box"}
{"name":"SimGroup_","class":"SimGroup","persistentId":"07b551a7-232b-4e96-807d-c56e6e968d43","groupPosition":"0 0 0"}
{"name":"target5","class":"TSStatic","persistentId":"05e98522-8183-4786-b7dc-b2556afd1a64","__parent":"SimGroup_","position":[260.933105,452.860321,397.991516],"collisionType":"Visible Mesh Final","decalType":"Visible Mesh Final","isRenderEnabled":false,"mode":"Ignore","rotationMatrix":[0.841489315,-0.494649053,-0.217296958,0.535215735,0.818120837,0.210291222,0.0737547874,-0.293258578,0.953183949],"scale":[2,2,2],"shapeName":"/art/target.dae"}
{"name":"target46","class":"TSStatic","persistentId":"0ce60588-b439-415d-b256-ded66c1895e4","__parent":"SimGroup_","position":[162.268143,318.073883,415.536713],"collisionType":"Visible Mesh Final","decalType":"Visible Mesh Final","isRenderEnabled":false,"mode":"Ignore","rotationMatrix":[-0.845721126,0.428756535,0.31768477,-0.472390294,-0.878444195,-0.0719952062,0.248199925,-0.210959077,0.945459187],"scale":[2,2,2],"shapeName":"/art/target.dae"}
{"name":"target49","class":"TSStatic","persistentId":"13b8cabb-e6e4-4c1c-9d44-cddf1713258e","__parent":"SimGroup_","position":[203.1306,502.649292,408.654999],"collisionType":"Visible Mesh Final","decalType":"Visible Mesh Final","isRenderEnabled":false,"mode":"Ignore","rotationMatrix":[0.99999994,0,0,0,0.99999994,0,0,0,0.999999881],"scale":[2,2,2],"shapeName":"/art/target.dae"}
{"name":"target17","class":"TSStatic","persistentId":"17d90730-4925-442b-a771-2f88a7a8b5b2","__parent":"SimGroup_","position":[252.910599,455.032745,420.142853],"collisionType":"Visible Mesh Final","decalType":"Visible Mesh Final","isRenderEnabled":false,"mode":"Ignore","rotationMatrix":[-0.0286271572,-0.989838839,-0.139281392,0.951205134,-0.0698019266,0.3005597,-0.30722785,-0.123880975,0.943538308],"scale":[2,2,2],"shapeName":"/art/target.dae"}
{"name":"target25","class":"TSStatic","persistentId":"1a4b56b6-3d45-4837-a971-f72a61f6652e","__parent":"SimGroup_","position":[155.870193,485.775146,421.626373],"collisionType":"Visible Mesh Final","decalType":"Visible Mesh Final","isRenderEnabled":false,"mode":"Ignore","rotationMatrix":[0.00146692991,0.999998808,2.91038305e-11,-0.999998569,0.00146692991,-0.000690534129,-0.00069053343,1.0128424e-06,0.999999762],"scale":[5,5,2],"shapeName":"/art/target.dae"}
{"name":"target3","class":"TSStatic","persistentId":"1c18abc0-015d-4a94-9aee-625ef5b3a6b7","__parent":"SimGroup_","position":[204.623245,471.528015,408.654999],"collisionType":"Visible Mesh Final","decalType":"Visible Mesh Final","isRenderEnabled":false,"mode":"Ignore","rotationMatrix":[1,0,0,0,0.999999762,-0.000690534245,0,0.000690534245,0.999999762],"scale":[5,5,2],"shapeName":"/art/target.dae"}
{"name":"target1","class":"TSStatic","persistentId":"1d16b790-4894-46e9-9f2a-9a10684b95da","__parent":"SimGroup_","position":[252.645859,462.787292,401.881073],"collisionType":"Visible Mesh Final","decalType":"Visible Mesh Final","isRenderEnabled":false,"mode":"Ignore","rotationMatrix":[0.927281559,-0.304845601,-0.217297018,0.349446863,0.913052261,0.210291237,0.134297162,-0.270932972,0.953183889],"scale":[2,2,2],"shapeName":"/art/target.dae"}
{"name":"target9","class":"TSStatic","persistentId":"240433e9-47d1-4aa5-b6f5-384daceaf38c","__parent":"SimGroup_","position":[203.354492,377.263916,408.654999],"collisionType":"Visible Mesh Final","decalType":"Visible Mesh Final","isRenderEnabled":false,"mode":"Ignore","rotationMatrix":[-0.999967337,-0.00811316539,-2.27373675e-13,0.00811316352,-0.999967098,-0.000690534362,5.60241915e-06,-0.000690511661,0.999999762],"scale":[5,5,2],"shapeName":"/art/target.dae"}
{"name":"target26","class":"TSStatic","persistentId":"2894d294-6148-4214-a5ca-b571959f2f47","__parent":"SimGroup_","position":[233.34407,537.550537,410.453613],"collisionType":"Visible Mesh Final","decalType":"Visible Mesh Final","isRenderEnabled":false,"mode":"Ignore","rotationMatrix":[0.976566017,-0.102382712,0.189305469,0.146730423,0.960211754,-0.237620518,-0.157445118,0.259829015,0.952732861],"scale":[2,2,2],"shapeName":"/art/target.dae"}
{"name":"target36","class":"TSStatic","persistentId":"2e567137-ab33-4971-b623-faba0ceac789","__parent":"SimGroup_","position":[230.91153,305.603851,411.123779],"collisionType":"Visible Mesh Final","decalType":"Visible Mesh Final","isRenderEnabled":false,"mode":"Ignore","rotationMatrix":[-0.502687812,-0.836712003,-0.217296913,0.812955976,-0.543028712,0.210291162,-0.293951601,-0.0709420294,0.953183949],"scale":[2,2,2],"shapeName":"/art/target.dae"}
{"name":"target11","class":"TSStatic","persistentId":"32507c30-0d64-4d06-b05b-794a5d151d28","__parent":"SimGroup_","position":[161.215759,466.194427,402.404449],"collisionType":"Visible Mesh Final","decalType":"Visible Mesh Final","isRenderEnabled":false,"mode":"Ignore","rotationMatrix":[0.4019292,0.858795226,0.317684829,-0.892875254,0.444511533,-0.0719951764,-0.203043684,-0.254715979,0.945459187],"scale":[2,2,2],"shapeName":"/art/target.dae"}
{"name":"target38","class":"TSStatic","persistentId":"381c75f8-e928-4792-bbd8-bc40e01c074b","__parent":"SimGroup_","position":[174.781082,415.271484,410.288055],"collisionType":"Visible Mesh Final","decalType":"Visible Mesh Final","isRenderEnabled":false,"mode":"Ignore","rotationMatrix":[0.495882809,0.840762913,-0.217296839,-0.81733495,0.5364151,0.210291147,0.293366313,0.0733245537,0.953184009],"scale":[2,2,2],"shapeName":"/art/target.dae"}
{"name":"target45","class":"TSStatic","persistentId":"382cb4cd-b8b6-45a4-aeee-28c242d2554b","__parent":"SimGroup_","position":[173.891937,307.326385,410.453613],"collisionType":"Visible Mesh Final","decalType":"Visible Mesh Final","isRenderEnabled":false,"mode":"Ignore","rotationMatrix":[-0.974090338,0.123738602,0.189305395,-0.167717621,-0.956769109,-0.237620533,0.151718736,-0.263213754,0.952732861],"scale":[2,2,2],"shapeName":"/art/target.dae"}
{"name":"target35","class":"TSStatic","persistentId":"388e00bf-ea8f-45a1-9bd8-52e09f3e83a8","__parent":"SimGroup_","position":[240.91748,313.795593,415.013336],"collisionType":"Visible Mesh Final","decalType":"Visible Mesh Final","isRenderEnabled":false,"mode":"Ignore","rotationMatrix":[-0.313714623,-0.92431891,-0.217296928,0.909662962,-0.358177543,0.210291281,-0.272207022,-0.131695524,0.953183949],"scale":[2,2,2],"shapeName":"/art/target.dae"}
{"name":"target","class":"TSStatic","persistentId":"3baf89c3-11b9-4817-9127-159182f5b4de","__parent":"SimGroup_","position":[265.168823,425.50766,395.522583],"collisionType":"Visible Mesh Final","decalType":"Visible Mesh Final","isRenderEnabled":false,"mode":"Ignore","rotationMatrix":[1,0,0,0,0.999999762,-0.000690534245,0,0.000690534245,0.999999762],"scale":[5,5,2],"shapeName":"/art/target.dae"}
{"name":"target16","class":"TSStatic","persistentId":"3e8bb07d-251e-4bc9-9b5e-6ff4a8b93619","__parent":"SimGroup_","position":[203.519562,423.501465,408.654846],"collisionType":"Visible Mesh Final","decalType":"Visible Mesh Final","isRenderEnabled":false,"mode":"Ignore","rotationMatrix":[-0.00957965851,-0.999954045,-8.73114914e-11,0.999953806,-0.00957965851,-0.000690534129,0.000690502464,-6.61521335e-06,0.999999762],"scale":[5,5,2],"shapeName":"/art/target.dae"}
{"name":"target24","class":"TSStatic","persistentId":"40ac6518-becb-41cd-8cb3-c3cf6e268757","__parent":"SimGroup_","position":[155.921112,520.466431,419.739563],"collisionType":"Visible Mesh Final","decalType":"Visible Mesh Final","isRenderEnabled":false,"mode":"Ignore","rotationMatrix":[-0.045463562,0.975046158,-0.217296958,-0.977637887,0.001280725,0.210291132,0.205321848,0.221998349,0.953183949],"scale":[2,2,2],"shapeName":"/art/target.dae"}
{"name":"target7","class":"TSStatic","persistentId":"42b05ceb-72dc-49a8-954c-dea9a1ddaee4","__parent":"SimGroup_","position":[155.262497,385.614746,401.881073],"collisionType":"Visible Mesh Final","decalType":"Visible Mesh Final","isRenderEnabled":false,"mode":"Ignore","rotationMatrix":[-0.929724455,0.297312438,-0.217297018,-0.342027664,-0.915857434,0.210291266,-0.136490852,0.269834489,0.953183949],"scale":[2,2,2],"shapeName":"/art/target.dae"}
{"name":"target41","class":"TSStatic","persistentId":"45922fc8-8539-4f2f-9efe-47ce9ba0dd06","__parent":"SimGroup_","position":[155.870193,363.904022,421.626373],"collisionType":"Visible Mesh Final","decalType":"Visible Mesh Final","isRenderEnabled":false,"mode":"Ignore","rotationMatrix":[0.00146692991,0.999998808,2.91038305e-11,-0.999998569,0.00146692991,-0.000690534129,-0.00069053343,1.0128424e-06,0.999999762],"scale":[5,5,2],"shapeName":"/art/target.dae"}
{"name":"target37","class":"TSStatic","persistentId":"4c814243-9382-4c9d-8c8b-2e441bc7ef35","__parent":"SimGroup_","position":[203.1306,347.098022,408.654999],"collisionType":"Visible Mesh Final","decalType":"Visible Mesh Final","isRenderEnabled":false,"mode":"Ignore","rotationMatrix":[0.99999994,0,0,0,0.99999994,0,0,0,0.999999881],"scale":[2,2,2],"shapeName":"/art/target.dae"}
{"name":"target31","class":"TSStatic","persistentId":"4dd9a0b2-8739-42da-8731-0f139098c4ee","__parent":"SimGroup_","position":[154.836411,454.878113,419.863678],"collisionType":"Visible Mesh Final","decalType":"Visible Mesh Final","isRenderEnabled":false,"mode":"Ignore","rotationMatrix":[-0.755106449,0.499184251,0.425005913,-0.392505467,-0.863465786,0.316807568,0.525123239,0.0724062026,0.847940445],"scale":[2,2,2],"shapeName":"/art/target.dae"}
{"name":"target2","class":"TSStatic","persistentId":"54f9dcb2-b84f-4b61-8b29-9500b007baac","__parent":"SimGroup_","position":[239.314606,471.528015,406.6073],"collisionType":"Visible Mesh Final","decalType":"Visible Mesh Final","isRenderEnabled":false,"mode":"Ignore","rotationMatrix":[0.974978447,0.0468939468,-0.217297062,-0.000153506175,0.977638781,0.210291281,0.222299412,-0.204996094,0.953183889],"scale":[2,2,2],"shapeName":"/art/target.dae"}
{"name":"target30","class":"TSStatic","persistentId":"574e4b80-bca4-49ce-a8e2-b6e79d1d8154","__parent":"SimGroup_","position":[162.777664,444.648315,416.037445],"collisionType":"Visible Mesh Final","decalType":"Visible Mesh Final","isRenderEnabled":false,"mode":"Ignore","rotationMatrix":[-0.843604088,0.311053902,0.437695771,-0.252279252,-0.949157715,0.188293844,0.474011928,0.0484239087,0.879185915],"scale":[2,2,2],"shapeName":"/art/target.dae"}
{"name":"target18","class":"TSStatic","persistentId":"62cf535b-da50-4368-a23a-af3cf9710345","__parent":"SimGroup_","position":[250.117645,483.603394,421.626373],"collisionType":"Visible Mesh Final","decalType":"Visible Mesh Final","isRenderEnabled":false,"mode":"Ignore","rotationMatrix":[-0.00957965851,-0.999954045,-8.73114914e-11,0.999953806,-0.00957965851,-0.000690534129,0.000690502464,-6.61521335e-06,0.999999762],"scale":[5,5,2],"shapeName":"/art/target.dae"}
{"name":"target28","class":"TSStatic","persistentId":"635cfaf5-eaad-4d60-bf53-30e9255e1379","__parent":"SimGroup_","position":[251.890503,516.132568,419.80069],"collisionType":"Visible Mesh Final","decalType":"Visible Mesh Final","isRenderEnabled":false,"mode":"Ignore","rotationMatrix":[0.734179556,-0.573671699,0.363154352,0.602385521,0.797131181,0.0413941666,-0.313228309,0.188368201,0.930809021],"scale":[2,2,2],"shapeName":"/art/target.dae"}
{"name":"target44","class":"TSStatic","persistentId":"665d1c2e-8155-4478-be89-145d7e37794a","__parent":"SimGroup_","position":[251.890503,394.261444,419.80069],"collisionType":"Visible Mesh Final","decalType":"Visible Mesh Final","isRenderEnabled":false,"mode":"Ignore","rotationMatrix":[0.734179556,-0.573671699,0.363154352,0.602385521,0.797131181,0.0413941666,-0.313228309,0.188368201,0.930809021],"scale":[2,2,2],"shapeName":"/art/target.dae"}
{"name":"target47","class":"TSStatic","persistentId":"6820f6e2-d137-4bdd-97b4-16ba6c352b89","__parent":"SimGroup_","position":[155.818619,329.145203,419.80069],"collisionType":"Visible Mesh Final","decalType":"Visible Mesh Final","isRenderEnabled":false,"mode":"Ignore","rotationMatrix":[-0.721443176,0.589608729,0.363154352,-0.619693935,-0.783751011,0.0413942859,0.309029102,-0.195180923,0.930809021],"scale":[2,2,2],"shapeName":"/art/target.dae"}
{"name":"target15","class":"TSStatic","persistentId":"7811217c-6636-477c-bf40-9059dbee7694","__parent":"SimGroup_","position":[238.112198,377.545319,406.668427],"collisionType":"Visible Mesh Final","decalType":"Visible Mesh Final","isRenderEnabled":false,"mode":"Ignore","rotationMatrix":[-0.582670093,-0.727058649,0.363154441,0.78965199,-0.612156987,0.0413942486,0.192211479,0.310884833,0.930808961],"scale":[2,2,2],"shapeName":"/art/target.dae"}
{"name":"target4","class":"TSStatic","persistentId":"8e7518ce-4b33-4240-bbda-03381773fd21","__parent":"SimGroup_","position":[142.437485,422.791595,395.522583],"collisionType":"Visible Mesh Final","decalType":"Visible Mesh Final","isRenderEnabled":false,"mode":"Ignore","rotationMatrix":[-0.999967337,-0.00811316539,-2.27373675e-13,0.00811316352,-0.999967098,-0.000690534362,5.60241915e-06,-0.000690511661,0.999999762],"scale":[5,5,2],"shapeName":"/art/target.dae"}
{"name":"target34","class":"TSStatic","persistentId":"91daf549-6f75-4aa7-93e6-e3e7a6e74a43","__parent":"SimGroup_","position":[250.117645,361.732269,421.626373],"collisionType":"Visible Mesh Final","decalType":"Visible Mesh Final","isRenderEnabled":false,"mode":"Ignore","rotationMatrix":[-0.00957965851,-0.999954045,-8.73114914e-11,0.999953806,-0.00957965851,-0.000690534129,0.000690502464,-6.61521335e-06,0.999999762],"scale":[5,5,2],"shapeName":"/art/target.dae"}
{"name":"target20","class":"TSStatic","persistentId":"9448729c-e413-4fd9-b6b0-91766ef7070a","__parent":"SimGroup_","position":[233.063309,434.53125,411.433929],"collisionType":"Visible Mesh Final","decalType":"Visible Mesh Final","isRenderEnabled":false,"mode":"Ignore","rotationMatrix":[-0.552744746,-0.808997691,-0.199990064,0.741446793,-0.58697021,0.325149953,-0.380433768,0.0314429402,0.924273491],"scale":[2,2,2],"shapeName":"/art/target.dae"}
{"name":"target48","class":"TSStatic","persistentId":"9e8f61bc-d5dc-4055-8959-df389a086ef9","__parent":"SimGroup_","position":[203.1306,332.453339,408.653992],"collisionType":"Visible Mesh Final","decalType":"Visible Mesh Final","isRenderEnabled":false,"mode":"Ignore","rotationMatrix":[0.99999994,0,0,0,0.99999994,0,0,0,0.999999881],"scale":[2,2,2],"shapeName":"/art/target.dae"}
{"name":"target19","class":"TSStatic","persistentId":"b2d4440f-fecf-4da8-98b6-f2253193584f","__parent":"SimGroup_","position":[243.368347,442.191254,415.615112],"collisionType":"Visible Mesh Final","decalType":"Visible Mesh Final","isRenderEnabled":false,"mode":"Ignore","rotationMatrix":[-0.372807264,-0.911097586,-0.175829858,0.853477776,-0.41105032,0.32033354,-0.36412999,-0.0306442231,0.93084383],"scale":[2,2,2],"shapeName":"/art/target.dae"}
{"name":"target23","class":"TSStatic","persistentId":"b5b7aba6-241b-4708-b408-54e9a506df05","__parent":"SimGroup_","position":[164.681351,533.785034,415.013336],"collisionType":"Visible Mesh Final","decalType":"Visible Mesh Final","isRenderEnabled":false,"mode":"Ignore","rotationMatrix":[0.306205571,0.926833332,-0.217296943,-0.912538588,0.350785851,0.210291207,0.271129608,0.13389954,0.953183949],"scale":[2,2,2],"shapeName":"/art/target.dae"}
{"name":"target10","class":"TSStatic","persistentId":"b7072a52-5887-4010-9f7a-414a6512a611","__parent":"SimGroup_","position":[150.839386,454.23819,397.32135],"collisionType":"Visible Mesh Final","decalType":"Visible Mesh Final","isRenderEnabled":false,"mode":"Ignore","rotationMatrix":[0.0930229425,0.977502048,0.189305544,-0.961573422,0.13752526,-0.237620533,-0.258308858,-0.159927011,0.952732861],"scale":[2,2,2],"shapeName":"/art/target.dae"}
{"name":"target27","class":"TSStatic","persistentId":"b9c0f21d-4d31-45ba-8c31-c757e74c4385","__parent":"SimGroup_","position":[245.200211,527.060059,415.536713],"collisionType":"Visible Mesh Final","decalType":"Visible Mesh Final","isRenderEnabled":false,"mode":"Ignore","rotationMatrix":[0.854905486,-0.410137832,0.31768474,0.453044653,0.888575971,-0.0719951466,-0.252759069,0.205474436,0.945459187],"scale":[2,2,2],"shapeName":"/art/target.dae"}
{"name":"target50","class":"TSStatic","persistentId":"bd079e48-7e37-41ed-9a1d-fb52cae14ad3","__parent":"SimGroup_","position":[203.1306,516.65686,408.653992],"collisionType":"Visible Mesh Final","decalType":"Visible Mesh Final","isRenderEnabled":false,"mode":"Ignore","rotationMatrix":[0.99999994,0,0,0,0.99999994,0,0,0,0.999999881],"scale":[2,2,2],"shapeName":"/art/target.dae"}
{"name":"target33","class":"TSStatic","persistentId":"be556f7b-73ce-4cd5-b4da-99838380c823","__parent":"SimGroup_","position":[249.785431,327.04248,419.739563],"collisionType":"Visible Mesh Final","decalType":"Visible Mesh Final","isRenderEnabled":false,"mode":"Ignore","rotationMatrix":[0.0375514627,-0.975383043,-0.217297077,0.977595448,-0.00921225548,0.210291281,-0.207116306,-0.220325366,0.953183889],"scale":[2,2,2],"shapeName":"/art/target.dae"}
{"name":"target14","class":"TSStatic","persistentId":"c1d6865b-ac43-4317-9b54-d8896a2188f8","__parent":"SimGroup_","position":[249.121216,384.100616,402.404449],"collisionType":"Visible Mesh Final","decalType":"Visible Mesh Final","isRenderEnabled":false,"mode":"Ignore","rotationMatrix":[-0.420635223,-0.849789441,0.31768477,0.882928908,-0.463953495,-0.0719951317,0.208571732,0.250209391,0.945459187],"scale":[2,2,2],"shapeName":"/art/target.dae"}
{"name":"target40","class":"TSStatic","persistentId":"c695920c-78a6-4acd-bebe-e9f91d33aa43","__parent":"SimGroup_","position":[156.081696,393.680084,418.903839],"collisionType":"Visible Mesh Final","decalType":"Visible Mesh Final","isRenderEnabled":false,"mode":"Ignore","rotationMatrix":[-0.045463562,0.975046158,-0.217296958,-0.977637887,0.001280725,0.210291132,0.205321848,0.221998349,0.953183949],"scale":[2,2,2],"shapeName":"/art/target.dae"}
{"name":"target43","class":"TSStatic","persistentId":"c6e2ca8c-dea2-4995-b199-715a6933a15d","__parent":"SimGroup_","position":[245.200211,405.188965,415.536713],"collisionType":"Visible Mesh Final","decalType":"Visible Mesh Final","isRenderEnabled":false,"mode":"Ignore","rotationMatrix":[0.854905486,-0.410137832,0.31768474,0.453044653,0.888575971,-0.0719951466,-0.252759069,0.205474436,0.945459187],"scale":[2,2,2],"shapeName":"/art/target.dae"}
{"name":"target29","class":"TSStatic","persistentId":"d1f3467d-0b35-4a3d-ac1a-2a1ba36ab0bf","__parent":"SimGroup_","position":[175.395721,435.574951,410.128265],"collisionType":"Visible Mesh Final","decalType":"Visible Mesh Final","isRenderEnabled":false,"mode":"Ignore","rotationMatrix":[-0.917820811,-0.0334949046,0.395579189,0.0232018661,-0.999256849,-0.0307772942,0.396316141,-0.0190698653,0.917916059],"scale":[2,2,2],"shapeName":"/art/target.dae"}
{"name":"target32","class":"TSStatic","persistentId":"dc498ce5-4e67-4316-9af1-57f4e0008f50","__parent":"SimGroup_","position":[203.519562,301.630341,408.654846],"collisionType":"Visible Mesh Final","decalType":"Visible Mesh Final","isRenderEnabled":false,"mode":"Ignore","rotationMatrix":[-0.00957965851,-0.999954045,-8.73114914e-11,0.999953806,-0.00957965851,-0.000690534129,0.000690502464,-6.61521335e-06,0.999999762],"scale":[5,5,2],"shapeName":"/art/target.dae"}
{"name":"target13","class":"TSStatic","persistentId":"e24c2545-4a3b-41b2-8779-bd550b69e1bb","__parent":"SimGroup_","position":[259.756866,395.826813,397.32135],"collisionType":"Visible Mesh Final","decalType":"Visible Mesh Final","isRenderEnabled":false,"mode":"Ignore","rotationMatrix":[-0.11440146,-0.975230873,0.189305454,0.958331764,-0.158544421,-0.237620503,0.261748254,0.154233277,0.952732861],"scale":[2,2,2],"shapeName":"/art/target.dae"}
{"name":"target22","class":"TSStatic","persistentId":"e77d47eb-d238-4bfd-9b97-970a850b2853","__parent":"SimGroup_","position":[174.620499,542.057739,411.123779],"collisionType":"Visible Mesh Final","decalType":"Visible Mesh Final","isRenderEnabled":false,"mode":"Ignore","rotationMatrix":[0.495882809,0.840762913,-0.217296839,-0.81733495,0.5364151,0.210291147,0.293366313,0.0733245537,0.953184009],"scale":[2,2,2],"shapeName":"/art/target.dae"}
{"name":"target6","class":"TSStatic","persistentId":"e84f6145-d44f-4a25-8655-d6551ac0f679","__parent":"SimGroup_","position":[146.894989,395.474182,397.991516],"collisionType":"Visible Mesh Final","decalType":"Visible Mesh Final","isRenderEnabled":false,"mode":"Ignore","rotationMatrix":[-0.845475078,0.487805605,-0.217296913,-0.528560519,-0.822436452,0.210291252,-0.076131627,0.292650521,0.953183949],"scale":[2,2,2],"shapeName":"/art/target.dae"}
{"name":"target21","class":"TSStatic","persistentId":"e900d88c-80c4-4422-bf28-80399956540e","__parent":"SimGroup_","position":[201.97937,546.253296,408.654846],"collisionType":"Visible Mesh Final","decalType":"Visible Mesh Final","isRenderEnabled":false,"mode":"Ignore","rotationMatrix":[0.00146692991,0.999998808,2.91038305e-11,-0.999998569,0.00146692991,-0.000690534129,-0.00069053343,1.0128424e-06,0.999999762],"scale":[5,5,2],"shapeName":"/art/target.dae"}
{"name":"target8","class":"TSStatic","persistentId":"f6182268-0a95-4491-853f-9c63c14ac3e6","__parent":"SimGroup_","position":[168.664246,376.982483,406.6073],"collisionType":"Visible Mesh Final","decalType":"Visible Mesh Final","isRenderEnabled":false,"mode":"Ignore","rotationMatrix":[-0.974565983,-0.0548025593,-0.217297062,0.00808524899,-0.977605462,0.210291266,-0.223955259,0.203185797,0.953183889],"scale":[2,2,2],"shapeName":"/art/target.dae"}
{"name":"target42","class":"TSStatic","persistentId":"f889a6f7-6182-4730-8085-253c380f1f0e","__parent":"SimGroup_","position":[233.34407,415.679474,410.453613],"collisionType":"Visible Mesh Final","decalType":"Visible Mesh Final","isRenderEnabled":false,"mode":"Ignore","rotationMatrix":[0.976566017,-0.102382712,0.189305469,0.146730423,0.960211754,-0.237620518,-0.157445118,0.259829015,0.952732861],"scale":[2,2,2],"shapeName":"/art/target.dae"}
{"name":"target39","class":"TSStatic","persistentId":"f88a50ad-bdc9-4422-a254-960419170f88","__parent":"SimGroup_","position":[164.841934,406.998718,414.177612],"collisionType":"Visible Mesh Final","decalType":"Visible Mesh Final","isRenderEnabled":false,"mode":"Ignore","rotationMatrix":[0.306205571,0.926833332,-0.217296943,-0.912538588,0.350785851,0.210291207,0.271129608,0.13389954,0.953183949],"scale":[2,2,2],"shapeName":"/art/target.dae"}
{"name":"target12","class":"TSStatic","persistentId":"f97e8740-2d7b-4f54-aa7c-0cc033c7c5cb","__parent":"SimGroup_","position":[172.078629,472.989166,406.668427],"collisionType":"Visible Mesh Final","decalType":"Visible Mesh Final","isRenderEnabled":false,"mode":"Ignore","rotationMatrix":[0.566612303,0.739641309,0.363154471,-0.802865148,0.594721794,0.0413942188,-0.185358986,-0.315018594,0.930808961],"scale":[2,2,2],"shapeName":"/art/target.dae"}
