{"name":"outOfBoundTrigger","class":"BeamNGTrigger","persistentId":"cc107bde-ba15-4bee-adf0-6ededbcd5a92","__parent":"SimGroup_","position":[-109.765671,240.3479,365.275085],"luaFunction":"onSumoTrigger","scale":[400,400,50],"triggerMode":"Overlaps","triggerTestType":"Bounding box"}
{"name":"SimGroup_","class":"SimGroup","persistentId":"b0dfd67e-7397-487f-93d4-ade91cc74082","groupPosition":"0 0 0"}
{"class":"TSStatic","persistentId":"35645254-2081-4758-af7d-cbd0c6b314c7","__parent":"SimGroup_","position":[-134.083572,290.758972,404.281311],"instanceColor":[0.73760426,0.11037758,0.11037758,1],"instanceColor1":[0.246827006,0.112496778,0.112496778,1],"instanceColor2":[0,0,0,1],"isRenderEnabled":false,"rotationMatrix":[0.98480773,0,0.173648179,0,0.99999994,0,-0.173648164,0,0.98480767],"scale":[6.25,25,1],"shapeName":"/levels/west_coast_usa/art/shapes/buildings/buildingblock_concrete.dae","useInstanceRenderData":true}
{"class":"TSStatic","persistentId":"3c3763d8-a94e-4873-9d90-21a935a594f7","__parent":"SimGroup_","position":[-158.923813,216.574677,399.972382],"instanceColor":[0.73760426,0.11037758,0.11037758,1],"instanceColor1":[0.246827006,0.112496778,0.112496778,1],"instanceColor2":[0,0,0,1],"isRenderEnabled":false,"rotationMatrix":[0.999990761,-0.00402602274,0.00147206872,0.00422047917,0.984799504,-0.173643559,-0.000750599662,0.173648179,0.984807372],"scale":[6.25,25,1],"shapeName":"/levels/west_coast_usa/art/shapes/buildings/buildingblock_concrete.dae","useInstanceRenderData":true}
{"class":"TSStatic","persistentId":"44a54fdf-764e-4810-9885-7d4f51378dda","__parent":"SimGroup_","position":[-60.7428246,191.149811,402.131226],"instanceColor":[0.73760426,0.11037758,0.11037758,1],"instanceColor1":[0.246827006,0.112496778,0.112496778,1],"instanceColor2":[0,0,0,1],"isRenderEnabled":false,"rotationMatrix":[0.99999994,0,0,0,0.99999994,0,0,0,0.999999881],"scale":[6.25,25,1],"shapeName":"/levels/west_coast_usa/art/shapes/buildings/buildingblock_concrete.dae","useInstanceRenderData":true}
{"class":"TSStatic","persistentId":"481f8ad4-214c-4da5-a85a-775bc0fc2069","__parent":"SimGroup_","position":[-60.4730072,240.781998,397.821655],"instanceColor":[0.73760426,0.11037758,0.11037758,1],"instanceColor1":[0.246827006,0.112496778,0.112496778,1],"instanceColor2":[0,0,0,1],"isRenderEnabled":false,"rotationMatrix":[0.99999994,0,0,0,0.99999994,0,0,0,0.999999881],"scale":[6.25,25,1],"shapeName":"/levels/west_coast_usa/art/shapes/buildings/buildingblock_concrete.dae","useInstanceRenderData":true}
{"class":"TSStatic","persistentId":"491c6a8d-e52f-4fc6-8c87-3521e69e5e04","__parent":"SimGroup_","position":[-85.1851883,191.329987,404.206207],"instanceColor":[0.73760426,0.11037758,0.11037758,1],"instanceColor1":[0.246827006,0.112496778,0.112496778,1],"instanceColor2":[0,0,0,1],"isRenderEnabled":false,"rotationMatrix":[-0.984804511,0.00241136667,0.173648179,-0.00244856603,-0.999996781,-7.27595761e-11,0.173647672,-0.000425189151,0.98480773],"scale":[6.25,25,1],"shapeName":"/levels/west_coast_usa/art/shapes/buildings/buildingblock_concrete.dae","useInstanceRenderData":true}
{"class":"TSStatic","persistentId":"51ca2b51-6978-4599-8c9c-c991d90241dd","__parent":"SimGroup_","position":[-85.1851883,290.546875,404.206207],"instanceColor":[0.73760426,0.11037758,0.11037758,1],"instanceColor1":[0.246827006,0.112496778,0.112496778,1],"instanceColor2":[0,0,0,1],"isRenderEnabled":false,"rotationMatrix":[-0.984804511,0.00241136667,0.173648179,-0.00244856603,-0.999996781,-7.27595761e-11,0.173647672,-0.000425189151,0.98480773],"scale":[6.25,25,1],"shapeName":"/levels/west_coast_usa/art/shapes/buildings/buildingblock_concrete.dae","useInstanceRenderData":true}
{"class":"TSStatic","persistentId":"69b2f4ab-9670-4b13-a12c-0d3dd3762113","__parent":"SimGroup_","position":[-109.348053,265.770844,404.327423],"instanceColor":[0.73760426,0.11037758,0.11037758,1],"instanceColor1":[0.246827006,0.112496778,0.112496778,1],"instanceColor2":[0,0,0,1],"isRenderEnabled":false,"rotationMatrix":[-0.99992013,-0.0125477836,0.00147206825,0.0121015832,-0.984734058,-0.173643544,0.00362843764,-0.173611864,0.984807491],"scale":[6.25,25,1],"shapeName":"/levels/west_coast_usa/art/shapes/buildings/buildingblock_concrete.dae","useInstanceRenderData":true}
{"class":"TSStatic","persistentId":"749ce259-f7a6-4ab2-9235-d0a3fd071e08","__parent":"SimGroup_","position":[-134.02359,240.781998,399.96344],"instanceColor":[0.73760426,0.11037758,0.11037758,1],"instanceColor1":[0.246827006,0.112496778,0.112496778,1],"instanceColor2":[0,0,0,1],"isRenderEnabled":false,"rotationMatrix":[0.98480773,0,0.173648179,0,0.99999994,0,-0.173648164,0,0.98480767],"scale":[6.25,25,1],"shapeName":"/levels/west_coast_usa/art/shapes/buildings/buildingblock_concrete.dae","useInstanceRenderData":true}
{"class":"TSStatic","persistentId":"7926e5aa-97a8-44c8-8ce4-46bd892ca928","__parent":"SimGroup_","position":[-134.083572,192.194656,404.281311],"instanceColor":[0.73760426,0.11037758,0.11037758,1],"instanceColor1":[0.246827006,0.112496778,0.112496778,1],"instanceColor2":[0,0,0,1],"isRenderEnabled":false,"rotationMatrix":[0.98480773,0,0.173648179,0,0.99999994,0,-0.173648164,0,0.98480767],"scale":[6.25,25,1],"shapeName":"/levels/west_coast_usa/art/shapes/buildings/buildingblock_concrete.dae","useInstanceRenderData":true}
{"class":"TSStatic","persistentId":"7c4c60e0-73e6-4d95-9b37-044776a94989","__parent":"SimGroup_","position":[-109.543999,192.239838,406.41272],"instanceColor":[0.73760426,0.11037758,0.11037758,1],"instanceColor1":[0.246827006,0.112496778,0.112496778,1],"instanceColor2":[0,0,0,1],"isRenderEnabled":false,"rotationMatrix":[0.99999994,0,0,0,0.99999994,0,0,0,0.999999881],"scale":[6.25,25,1],"shapeName":"/levels/west_coast_usa/art/shapes/buildings/buildingblock_concrete.dae","useInstanceRenderData":true}
{"class":"TSStatic","persistentId":"89ca1aa8-a704-45be-9ee1-89b99a83c410","__parent":"SimGroup_","position":[-109.625534,216.574677,404.327423],"instanceColor":[0.73760426,0.11037758,0.11037758,1],"instanceColor1":[0.246827006,0.112496778,0.112496778,1],"instanceColor2":[0,0,0,1],"isRenderEnabled":false,"rotationMatrix":[0.999990761,-0.00402602274,0.00147206872,0.00422047917,0.984799504,-0.173643559,-0.000750599662,0.173648179,0.984807372],"scale":[6.25,25,1],"shapeName":"/levels/west_coast_usa/art/shapes/buildings/buildingblock_concrete.dae","useInstanceRenderData":true}
{"class":"TSStatic","persistentId":"9165dd77-603f-4ff5-b413-8433f8edff2c","__parent":"SimGroup_","position":[-109.543999,240.781998,402.131226],"instanceColor":[0.73760426,0.11037758,0.11037758,1],"instanceColor1":[0.246827006,0.112496778,0.112496778,1],"instanceColor2":[0,0,0,1],"isRenderEnabled":false,"rotationMatrix":[0.99999994,0,0,0,0.99999994,0,0,0,0.999999881],"scale":[6.25,25,1],"shapeName":"/levels/west_coast_usa/art/shapes/buildings/buildingblock_concrete.dae","useInstanceRenderData":true}
{"class":"TSStatic","persistentId":"b2339437-16b0-474b-8583-a45332af516c","__parent":"SimGroup_","position":[-159.518341,266.128723,399.956696],"instanceColor":[0.73760426,0.11037758,0.11037758,1],"instanceColor1":[0.246827006,0.112496778,0.112496778,1],"instanceColor2":[0,0,0,1],"isRenderEnabled":false,"rotationMatrix":[-0.99992013,-0.0125477836,0.00147206825,0.0121015832,-0.984734058,-0.173643544,0.00362843764,-0.173611864,0.984807491],"scale":[6.25,25,1],"shapeName":"/levels/west_coast_usa/art/shapes/buildings/buildingblock_concrete.dae","useInstanceRenderData":true}
{"class":"TSStatic","persistentId":"b49546a3-2de0-4075-b8a3-d5add9ae2395","__parent":"SimGroup_","position":[-159.079956,290.593658,402.131226],"instanceColor":[0.73760426,0.11037758,0.11037758,1],"instanceColor1":[0.246827006,0.112496778,0.112496778,1],"instanceColor2":[0,0,0,1],"isRenderEnabled":false,"rotationMatrix":[0.99999994,0,0,0,0.99999994,0,0,0,0.999999881],"scale":[6.25,25,1],"shapeName":"/levels/west_coast_usa/art/shapes/buildings/buildingblock_concrete.dae","useInstanceRenderData":true}
{"class":"TSStatic","persistentId":"b8109c23-329e-4210-8efc-b8c62f254af7","__parent":"SimGroup_","position":[-60.0489235,265.770844,399.924072],"instanceColor":[0.73760426,0.11037758,0.11037758,1],"instanceColor1":[0.246827006,0.112496778,0.112496778,1],"instanceColor2":[0,0,0,1],"isRenderEnabled":false,"rotationMatrix":[-0.99992013,-0.0125477836,0.00147206825,0.0121015832,-0.984734058,-0.173643544,0.00362843764,-0.173611864,0.984807491],"scale":[6.25,25,1],"shapeName":"/levels/west_coast_usa/art/shapes/buildings/buildingblock_concrete.dae","useInstanceRenderData":true}
{"class":"TSStatic","persistentId":"b8a25541-44c8-464e-a3b1-426ec1823c6d","__parent":"SimGroup_","position":[-60.3434715,290.116394,402.054779],"instanceColor":[0.73760426,0.11037758,0.11037758,1],"instanceColor1":[0.246827006,0.112496778,0.112496778,1],"instanceColor2":[0,0,0,1],"isRenderEnabled":false,"rotationMatrix":[0.99999994,0,0,0,0.99999994,0,0,0,0.999999881],"scale":[6.25,25,1],"shapeName":"/levels/west_coast_usa/art/shapes/buildings/buildingblock_concrete.dae","useInstanceRenderData":true}
{"class":"TSStatic","persistentId":"d33ba9de-ab76-4f4a-a3e0-e1e6feac3189","__parent":"SimGroup_","position":[-159.228149,192.196838,402.131226],"instanceColor":[0.73760426,0.11037758,0.11037758,1],"instanceColor1":[0.246827006,0.112496778,0.112496778,1],"instanceColor2":[0,0,0,1],"isRenderEnabled":false,"rotationMatrix":[0.99999994,0,0,0,0.99999994,0,0,0,0.999999881],"scale":[6.25,25,1],"shapeName":"/levels/west_coast_usa/art/shapes/buildings/buildingblock_concrete.dae","useInstanceRenderData":true}
{"class":"TSStatic","persistentId":"d448d31f-fe76-4a41-bd65-47181f518ba9","__parent":"SimGroup_","position":[-159.140549,240.781998,397.928619],"instanceColor":[0.73760426,0.11037758,0.11037758,1],"instanceColor1":[0.246827006,0.112496778,0.112496778,1],"instanceColor2":[0,0,0,1],"isRenderEnabled":false,"rotationMatrix":[0.99999994,0,0,0,0.99999994,0,0,0,0.999999881],"scale":[6.25,25,1],"shapeName":"/levels/west_coast_usa/art/shapes/buildings/buildingblock_concrete.dae","useInstanceRenderData":true}
{"class":"TSStatic","persistentId":"f83b0df9-42b0-4c3e-a6df-5bc76b92a97d","__parent":"SimGroup_","position":[-85.1851883,240.781998,399.96344],"instanceColor":[0.73760426,0.11037758,0.11037758,1],"instanceColor1":[0.246827006,0.112496778,0.112496778,1],"instanceColor2":[0,0,0,1],"isRenderEnabled":false,"rotationMatrix":[-0.984804511,0.00241136667,0.173648179,-0.00244856603,-0.999996781,-7.27595761e-11,0.173647672,-0.000425189151,0.98480773],"scale":[6.25,25,1],"shapeName":"/levels/west_coast_usa/art/shapes/buildings/buildingblock_concrete.dae","useInstanceRenderData":true}
{"class":"TSStatic","persistentId":"fd04e6ae-c0fb-4929-9865-7c4b205c6f8d","__parent":"SimGroup_","position":[-60.6702766,215.722046,399.872589],"instanceColor":[0.73760426,0.11037758,0.11037758,1],"instanceColor1":[0.246827006,0.112496778,0.112496778,1],"instanceColor2":[0,0,0,1],"isRenderEnabled":false,"rotationMatrix":[0.999990761,-0.00402602274,0.00147206872,0.00422047917,0.984799504,-0.173643559,-0.000750599662,0.173648179,0.984807372],"scale":[6.25,25,1],"shapeName":"/levels/west_coast_usa/art/shapes/buildings/buildingblock_concrete.dae","useInstanceRenderData":true}
{"class":"TSStatic","persistentId":"fdab766e-94c2-4119-b841-c1b84a45ea39","__parent":"SimGroup_","position":[-109.543999,289.999542,406.348999],"instanceColor":[0.73760426,0.11037758,0.11037758,1],"instanceColor1":[0.246827006,0.112496778,0.112496778,1],"instanceColor2":[0,0,0,1],"isRenderEnabled":false,"rotationMatrix":[0.99999994,0,0,0,0.99999994,0,0,0,0.999999881],"scale":[6.25,25,1],"shapeName":"/levels/west_coast_usa/art/shapes/buildings/buildingblock_concrete.dae","useInstanceRenderData":true}
